0 0.49207037687301636 0.6882266402244568 0.03183422237634659 0.09559869021177292
0 0.4837527573108673 0.5861167311668396 0.02294015884399414 0.10051235556602478
0 0.8600552678108215 0.34865254163742065 0.016219139099121094 0.06830599904060364
0 0.7585663199424744 0.5358750224113464 0.03615150600671768 0.07658793032169342
0 0.8871870040893555 0.5430652499198914 0.02417755126953125 0.09171515703201294
0 0.9590830206871033 0.36382147669792175 0.027035903185606003 0.0683336928486824
0 0.07007553428411484 0.3509564995765686 0.021836567670106888 0.07340232282876968
0 0.9108648300170898 0.4647658169269562 0.018957138061523438 0.08565060794353485
0 0.6781565546989441 0.410405695438385 0.02744884416460991 0.07748913019895554
0 0.49400800466537476 0.6842969059944153 0.024011898785829544 0.09328223019838333
0 0.9102073907852173 0.45934441685676575 0.015011596493422985 0.07575581967830658
0 0.6739376187324524 0.4048725664615631 0.018112946301698685 0.06449992209672928
