0 0.28574618697166443 0.759580135345459 0.038371164351701736 0.11004892736673355
0 0.7415969371795654 0.7265055179595947 0.027579497545957565 0.1380792111158371
0 0.6546459197998047 0.6428213715553284 0.025539780035614967 0.12731006741523743
0 0.8426902890205383 0.5727152228355408 0.020695876330137253 0.11980963498353958
0 0.6841725707054138 0.4160607159137726 0.02286205254495144 0.1046719029545784
0 0.5651999115943909 0.4950692057609558 0.019580459222197533 0.1178656667470932
0 0.8282070159912109 0.3698159158229828 0.03417167812585831 0.08841586858034134
0 0.7119817137718201 0.3740987777709961 0.02018909528851509 0.09930971264839172
0 0.43898600339889526 0.3747013807296753 0.037377357482910156 0.10666809231042862
0 0.5089899897575378 0.6233755350112915 0.04578056186437607 0.15346018970012665
0 0.6708641052246094 0.5733931660652161 0.016878699883818626 0.09616886079311371
0 0.5073415040969849 0.5210075378417969 0.021414469927549362 0.08229827880859375
0 0.5024663209915161 0.6208275556564331 0.0313568115234375 0.15037909150123596
