0 0.8914231657981873 0.676253616809845 0.026067543774843216 0.12638244032859802
0 0.19374240934848785 0.5459463000297546 0.03675743564963341 0.09813108295202255
0 0.40189850330352783 0.652700662612915 0.02489156648516655 0.12716437876224518
0 0.4789488911628723 0.5987256169319153 0.028414536267518997 0.09956026077270508
0 0.8704244494438171 0.3773246109485626 0.020253753289580345 0.09120110422372818
0 0.6033206582069397 0.5131825804710388 0.02694651298224926 0.10687866061925888
0 0.32870572805404663 0.4501783847808838 0.02981119230389595 0.10002616792917252
0 0.8193427920341492 0.46329259872436523 0.021236229687929153 0.10576815903186798
0 0.6397761106491089 0.2435009777545929 0.014385795220732689 0.07827232033014297
0 0.7544713616371155 0.5196865797042847 0.0191205982118845 0.10940933227539062
0 0.6696882247924805 0.5323840975761414 0.027045821771025658 0.10105946660041809
0 0.37523791193962097 0.3243955969810486 0.018291378393769264 0.0872887521982193
0 0.7989779114723206 0.3183896243572235 0.02176227606832981 0.09096790105104446
0 0.5597835779190063 0.403740257024765 0.022033309563994408 0.08253682404756546
0 0.6002592444419861 0.39952078461647034 0.01772085763514042 0.08973846584558487
0 0.6747734546661377 0.5334485173225403 0.027949143201112747 0.10033060610294342
0 0.5629987716674805 0.21663440763950348 0.017798613756895065 0.0741947591304779
0 0.7845578789710999 0.31755417585372925 0.018729083240032196 0.08390115946531296
