0 0.3308015465736389 0.9443245530128479 0.04300333559513092 0.11135084182024002
0 0.17523711919784546 0.5244405269622803 0.021825456991791725 0.10519762337207794
0 0.863669216632843 0.4900844991207123 0.024460982531309128 0.10926598310470581
0 0.642471194267273 0.4789907932281494 0.022748947143554688 0.09436922520399094
0 0.30859243869781494 0.6523047685623169 0.02711028978228569 0.11275674402713776
0 0.8535270690917969 0.6464406251907349 0.02940216101706028 0.11554735153913498
0 0.31863775849342346 0.5091215968132019 0.017157554626464844 0.10834381729364395
0 0.05501028522849083 0.384907603263855 0.019526708871126175 0.09248555451631546
0 0.14241482317447662 0.30251792073249817 0.02145237848162651 0.086328886449337
0 0.4480534493923187 0.38623690605163574 0.021410178393125534 0.07978583127260208
0 0.4902905821800232 0.6923729777336121 0.043248843401670456 0.10523901879787445
0 0.3596416711807251 0.3109980821609497 0.016599655151367188 0.08045795559883118
0 0.518060564994812 0.5830734968185425 0.048536110669374466 0.09412366896867752
0 0.4973415434360504 0.6922760009765625 0.029338646680116653 0.10777180641889572
0 0.763287365436554 0.39277276396751404 0.016063880175352097 0.09417080134153366
0 0.00786255020648241 0.5956034660339355 0.015507317148149014 0.11432518064975739
