0 0.888159453868866 0.36316755414009094 0.02662029303610325 0.07071880996227264
0 0.3162479102611542 0.605515718460083 0.02875232696533203 0.09126044064760208
0 0.6710042357444763 0.5431153178215027 0.029043007642030716 0.08467305451631546
0 0.631732702255249 0.42694151401519775 0.029753303155303 0.07995215803384781
0 0.12970267236232758 0.9586477875709534 0.026615707203745842 0.0827043354511261
0 0.5246211886405945 0.5396358966827393 0.031963348388671875 0.09831593930721283
0 0.4815554618835449 0.6194865107536316 0.03314514085650444 0.09982181340456009
0 0.7705816626548767 0.39924880862236023 0.019431496039032936 0.08539369702339172
0 0.7111968994140625 0.3940867483615875 0.022614289075136185 0.0702989399433136
0 0.400616854429245 0.4162651002407074 0.026535416021943092 0.05792677029967308
0 0.6160715818405151 0.5658125281333923 0.035605430603027344 0.08557801693677902
0 0.9926540851593018 0.6596124768257141 0.013802719302475452 0.12424977868795395
0 0.591095507144928 0.5570648312568665 0.039842162281274796 0.09425625205039978
0 0.6075354218482971 0.5586661100387573 0.04195639118552208 0.09509266167879105
0 0.5994243621826172 0.5554221868515015 0.03268057480454445 0.09756622463464737
