0 0.04289506748318672 0.5468317270278931 0.03282516077160835 0.11114552617073059
0 0.40095868706703186 0.6527104377746582 0.03394613415002823 0.10313703864812851
0 0.21487613022327423 0.39290720224380493 0.025629043579101562 0.09493916481733322
0 0.4602169394493103 0.6421436071395874 0.02525787428021431 0.0991041362285614
0 0.8004611730575562 0.5385733842849731 0.02058715745806694 0.11674770712852478
0 0.4461704194545746 0.5068230628967285 0.027328109368681908 0.09858601540327072
0 0.2690151333808899 0.5850176811218262 0.020526107400655746 0.10585208237171173
0 0.6306769251823425 0.4651714861392975 0.03384234011173248 0.08040398359298706
0 0.8464231491088867 0.26248255372047424 0.019512558355927467 0.07542435079813004
0 0.961621880531311 0.3453129529953003 0.01889953576028347 0.0869770497083664
0 0.596338152885437 0.3519493043422699 0.01890850067138672 0.07959458976984024
0 0.7465584874153137 0.22754140198230743 0.014651680365204811 0.0655321329832077
0 0.7660275101661682 0.433152437210083 0.02126973494887352 0.08847588300704956
