0 0.5751509070396423 0.8263821005821228 0.03619270399212837 0.11851128190755844
0 0.9026548862457275 0.6086537837982178 0.02519054338335991 0.10656246542930603
0 0.7144401669502258 0.5517081618309021 0.02155284956097603 0.09920145571231842
0 0.40848222374916077 0.6491962671279907 0.03866109997034073 0.1013624370098114
0 0.526771605014801 0.5442134141921997 0.02211141586303711 0.0920020192861557
0 0.6444262266159058 0.4992418587207794 0.03140735626220703 0.09710114449262619
0 0.803329586982727 0.5218740105628967 0.021545981988310814 0.09192454069852829
0 0.8426244258880615 0.6740527153015137 0.021169472485780716 0.11007808893918991
0 0.718661367893219 0.42540523409843445 0.02276630327105522 0.07710231840610504
0 0.9317643046379089 0.3383663594722748 0.02213439904153347 0.07204225659370422
0 0.501685380935669 0.3729430139064789 0.0254992488771677 0.08530671894550323
0 0.8226423263549805 0.38463717699050903 0.03592414781451225 0.07769647985696793
0 0.8190814852714539 0.3834984600543976 0.025029754266142845 0.07687106728553772
