0 0.18959906697273254 0.6148397922515869 0.02328353002667427 0.09342431277036667
0 0.6669912934303284 0.5905815958976746 0.02509949915111065 0.08359544724225998
0 0.48154163360595703 0.7294132113456726 0.02411327324807644 0.10839267075061798
0 0.7059017419815063 0.7011286020278931 0.023620223626494408 0.10553503781557083
0 0.7680426239967346 0.7008983492851257 0.021973419934511185 0.10507626086473465
0 0.6027624011039734 0.5814988017082214 0.02040405198931694 0.08488543331623077
0 0.2883419990539551 0.6307669878005981 0.02164154127240181 0.09774034470319748
0 0.11305513232946396 0.5867945551872253 0.02431640587747097 0.0915408656001091
0 0.09554091840982437 0.44601666927337646 0.03545982763171196 0.08227332681417465
0 0.30060645937919617 0.4828609228134155 0.020313771441578865 0.08198487758636475
0 0.4766284227371216 0.5724447965621948 0.020662879571318626 0.09271805733442307
0 0.41319531202316284 0.5256102681159973 0.01989135704934597 0.07402699440717697
0 0.6404573917388916 0.5503500699996948 0.02102375030517578 0.06590796262025833
