0 0.270959734916687 0.5885067582130432 0.022011788561940193 0.10327758640050888
0 0.29056215286254883 0.7449647784233093 0.03561973571777344 0.10283304750919342
0 0.17400722205638885 0.5252892374992371 0.017513513565063477 0.09912922978401184
0 0.424274742603302 0.5305469036102295 0.03234558179974556 0.09572448581457138
0 0.10330317914485931 0.7046775221824646 0.02041644975543022 0.11604885756969452
0 0.3162155747413635 0.567288875579834 0.021533871069550514 0.09826258569955826
0 0.3328951597213745 0.5005377531051636 0.020087528973817825 0.09142978489398956
0 0.010984045453369617 0.5148014426231384 0.02181200124323368 0.10011322796344757
0 0.5306815505027771 0.5363633632659912 0.024004364386200905 0.12550801038742065
0 0.3804554045200348 0.49578994512557983 0.016479460522532463 0.10016866773366928
0 0.22445115447044373 0.48985058069229126 0.030031871050596237 0.08578217029571533
0 0.13604488968849182 0.4167356789112091 0.016174929216504097 0.08914490044116974
0 0.468286395072937 0.46738365292549133 0.01992216147482395 0.08964891731739044
0 0.5719872713088989 0.4745134115219116 0.018313853070139885 0.07326351851224899
