0 0.38182398676872253 0.6850893497467041 0.026480769738554955 0.08800184726715088
0 0.9021316766738892 0.5507202744483948 0.024745941162109375 0.08983629196882248
0 0.5623646974563599 0.6694735884666443 0.030340131372213364 0.09153753519058228
0 0.6298778653144836 0.4601640999317169 0.01596374437212944 0.06191064417362213
0 0.6601285338401794 0.43516093492507935 0.026714514940977097 0.07149031013250351
0 0.8466083407402039 0.5390217900276184 0.021234894171357155 0.0581088587641716
0 0.5964908599853516 0.4630971848964691 0.02051677741110325 0.07348968833684921
0 0.391215056180954 0.5408011078834534 0.019713114947080612 0.06778988242149353
0 0.9741553068161011 0.4148932695388794 0.027100944891572 0.07034657895565033
0 0.34134891629219055 0.4554625451564789 0.047851625829935074 0.07130327820777893
0 0.33772242069244385 0.4516795575618744 0.030213482677936554 0.06512434035539627
