0 0.8407072424888611 0.6108591556549072 0.022602081298828125 0.10277432948350906
0 0.54862380027771 0.6618170142173767 0.028254635632038116 0.10119707882404327
0 0.2363547533750534 0.5287142395973206 0.025804996490478516 0.09052497148513794
0 0.3051720857620239 0.7160839438438416 0.03518819808959961 0.1137101948261261
0 0.7933142185211182 0.4305013418197632 0.015965843573212624 0.07497965544462204
0 0.5783752799034119 0.46314024925231934 0.01863555982708931 0.08471439778804779
0 0.9291952848434448 0.5720248818397522 0.02039794996380806 0.09277275949716568
0 0.2073688507080078 0.4232812225818634 0.0205365177243948 0.07948353886604309
0 0.4407477378845215 0.4852886199951172 0.016897011548280716 0.08527074754238129
0 0.6327028274536133 0.47943952679634094 0.021830368787050247 0.09887760132551193
0 0.8158353567123413 0.4689660966396332 0.02119598351418972 0.080208420753479
0 0.7036799192428589 0.3893407881259918 0.024003664031624794 0.07014473527669907
0 0.6348877549171448 0.4858733117580414 0.019092559814453125 0.08431868255138397
0 0.27567920088768005 0.5580611228942871 0.01933468133211136 0.0788523331284523
0 0.48925524950027466 0.4478142559528351 0.021549606695771217 0.06793950498104095
0 0.33579763770103455 0.4162158668041229 0.03492208942770958 0.06680332124233246
0 0.8121565580368042 0.45423927903175354 0.019849395379424095 0.05632016062736511
0 0.5451537370681763 0.6612889766693115 0.0181452427059412 0.0983835831284523
0 0.29645565152168274 0.7193692922592163 0.018748601898550987 0.1138855516910553
0 0.33284664154052734 0.41407904028892517 0.025748442858457565 0.06014472246170044
0 0.6162072420120239 0.3503679037094116 0.021070798859000206 0.09471557289361954
