0 0.32814115285873413 0.36666640639305115 0.020697880536317825 0.08797183632850647
0 0.13758330047130585 0.7600743770599365 0.05564918369054794 0.11735432595014572
0 0.4517287313938141 0.4400254189968109 0.02450389787554741 0.09142371267080307
0 0.8574898838996887 0.6158148646354675 0.03649158403277397 0.10204518586397171
0 0.47956961393356323 0.41783666610717773 0.021010208874940872 0.08889973908662796
0 0.6723943948745728 0.6428624987602234 0.022992324084043503 0.10798594355583191
0 0.24798838794231415 0.6940038204193115 0.03386669233441353 0.10727912187576294
0 0.5721479654312134 0.5127019286155701 0.030643463134765625 0.09256266802549362
0 0.0917709544301033 0.44553396105766296 0.01782515086233616 0.08368886262178421
0 0.2967565953731537 0.36450162529945374 0.01794738695025444 0.08014102280139923
0 0.3210652768611908 0.5686245560646057 0.03739980235695839 0.07992231845855713
0 0.13609495759010315 0.515168309211731 0.03106083907186985 0.08582616597414017
0 0.09525786340236664 0.30232271552085876 0.015737056732177734 0.07840070128440857
0 0.6805524230003357 0.34938567876815796 0.029242897406220436 0.0772823765873909
