0 0.7419050335884094 0.6796448826789856 0.029274750500917435 0.13436250388622284
0 0.20012588798999786 0.7239258885383606 0.032318927347660065 0.11367294937372208
0 0.7640429735183716 0.38240060210227966 0.028892135247588158 0.09398040920495987
0 0.6972642540931702 0.4149116575717926 0.023668479174375534 0.10508795827627182
0 0.32347992062568665 0.6591075658798218 0.03963244706392288 0.12397444248199463
0 0.5367412567138672 0.5395553112030029 0.03292662277817726 0.11351137608289719
0 0.5674821734428406 0.4500059485435486 0.03341102600097656 0.10580797493457794
0 0.6787100434303284 0.40440165996551514 0.018794823437929153 0.09589029848575592
0 0.6409750580787659 0.43630656599998474 0.022926775738596916 0.09260768443346024
0 0.23432016372680664 0.4280065894126892 0.027828406542539597 0.07304789125919342
0 0.615772545337677 0.49840325117111206 0.03138745576143265 0.10463731735944748
0 0.6541345119476318 0.6015117764472961 0.04322490841150284 0.1078108623623848
0 0.669141411781311 0.5614296793937683 0.03255195543169975 0.0978240966796875
0 0.6661018133163452 0.5756497383117676 0.03394737094640732 0.1349777728319168
0 0.6474285125732422 0.5409833192825317 0.030791092664003372 0.10513170063495636
0 0.6523141860961914 0.5722312927246094 0.040740966796875 0.15635664761066437
0 0.9830867648124695 0.21211794018745422 0.03307304531335831 0.07873804867267609
