0 0.5738869905471802 0.5309241414070129 0.036064401268959045 0.10284169763326645
0 0.9302749633789062 0.4486394226551056 0.024050140753388405 0.09129754453897476
0 0.5154322385787964 0.5497531294822693 0.030377769842743874 0.0894971489906311
0 0.5204808115959167 0.5488898754119873 0.029279518872499466 0.0878058522939682
0 0.9889084100723267 0.8039639592170715 0.021692847833037376 0.12373284250497818
0 0.9325144290924072 0.3003501296043396 0.050528526306152344 0.06821679323911667
0 0.9666473269462585 0.08271846920251846 0.06576423346996307 0.15767648816108704
0 0.5257288217544556 0.5496218204498291 0.02060028724372387 0.08505690097808838
0 0.0509890541434288 0.4708418548107147 0.028510430827736855 0.0710582286119461
0 0.8357223272323608 0.307841420173645 0.05142669752240181 0.04503529891371727
0 0.9236078858375549 0.3120894730091095 0.03407249599695206 0.043211620301008224
