0 0.4985092282295227 0.5351154804229736 0.029346276074647903 0.08841259032487869
0 0.04227018356323242 0.5345649719238281 0.03183656185865402 0.08155737817287445
0 0.16763879358768463 0.7440014481544495 0.03558654710650444 0.1015743687748909
0 0.026015382260084152 0.8422849178314209 0.05196050554513931 0.13770294189453125
0 0.787118673324585 0.6276610493659973 0.026714134961366653 0.10248769074678421
0 0.39158597588539124 0.45606017112731934 0.026520634070038795 0.08418434858322144
0 0.655813992023468 0.6642528772354126 0.02727184258401394 0.1032663956284523
0 0.42583590745925903 0.4374420642852783 0.02219867706298828 0.08711332827806473
0 0.2654021680355072 0.5783523917198181 0.02993524819612503 0.07951337844133377
0 0.23954063653945923 0.3919365704059601 0.019557427614927292 0.08548058569431305
0 0.6367104649543762 0.363166481256485 0.023424720391631126 0.09719441831111908
0 0.017392970621585846 0.467043936252594 0.017645573243498802 0.08387909084558487
0 0.27359524369239807 0.3883403539657593 0.01967209205031395 0.08446748554706573
0 0.2632114589214325 0.5696722865104675 0.023680098354816437 0.0628696009516716
0 0.023753775283694267 0.3258505165576935 0.018321486189961433 0.07666032761335373
