0 0.5623312592506409 0.5546758770942688 0.0444398894906044 0.11012928932905197
0 0.3589394986629486 0.6763377785682678 0.029756641015410423 0.12473500519990921
0 0.9659630060195923 0.7016974687576294 0.04530372470617294 0.13340844213962555
0 0.6259263157844543 0.5531296133995056 0.04273700714111328 0.11284343898296356
0 0.4293477237224579 0.45439010858535767 0.03690052032470703 0.0800921693444252
0 0.7921093106269836 0.5925517678260803 0.03323211520910263 0.11079932004213333
0 0.7847708463668823 0.4426025450229645 0.03614012524485588 0.10601908713579178
0 0.40329208970069885 0.5742368698120117 0.0458436980843544 0.10206638276576996
0 0.6632088422775269 0.5005297660827637 0.027703095227479935 0.10379011183977127
0 0.6412798762321472 0.4508987367153168 0.018813323229551315 0.0963631272315979
0 0.9445722103118896 0.4344826638698578 0.027169227600097656 0.09120430052280426
0 0.8484574556350708 0.41670849919319153 0.01953601837158203 0.09982257336378098
0 0.8561280965805054 0.41620948910713196 0.035124968737363815 0.0964491069316864
0 0.6546379327774048 0.4866885840892792 0.04106311872601509 0.12609156966209412
0 0.6469239592552185 0.45474761724472046 0.03064289130270481 0.10484661161899567
0 0.39891090989112854 0.5663189888000488 0.0310516357421875 0.0887533649802208
0 0.7782867550849915 0.5258728265762329 0.020080948248505592 0.05181308463215828
