0 0.6719518303871155 0.6082420349121094 0.04004408419132233 0.11623992770910263
0 0.40904349088668823 0.7166569828987122 0.06354331970214844 0.10721062868833542
0 0.8914205431938171 0.46406254172325134 0.0233612060546875 0.10896807163953781
0 0.5960729718208313 0.48131024837493896 0.018983077257871628 0.11268361657857895
0 0.825139045715332 0.6876005530357361 0.03275108337402344 0.12738071382045746
0 0.46791285276412964 0.5292984843254089 0.03191490098834038 0.11984606087207794
0 0.6919559836387634 0.5408363342285156 0.014956665225327015 0.12296798080205917
0 0.7382434606552124 0.4251440763473511 0.021417617797851562 0.1552470475435257
0 0.5310204029083252 0.4507109522819519 0.02527577057480812 0.08507173508405685
0 0.7192890048027039 0.41822654008865356 0.019436072558164597 0.09037848562002182
0 0.32037433981895447 0.5549899339675903 0.023345183581113815 0.051172271370887756
