0 0.343260794878006 0.7890670895576477 0.04118188098073006 0.14145609736442566
0 0.04234675318002701 0.48196178674697876 0.023290548473596573 0.10042546689510345
0 0.14787867665290833 0.43640947341918945 0.023001622408628464 0.10073655098676682
0 0.7670732736587524 0.7106699347496033 0.019224930554628372 0.12737290561199188
0 0.5475772619247437 0.43732041120529175 0.021949196234345436 0.09755440801382065
0 0.4043470323085785 0.5351614952087402 0.024094199761748314 0.1071980819106102
0 0.5004552006721497 0.3871656656265259 0.021648406982421875 0.08259718120098114
0 0.27523770928382874 0.5563552379608154 0.030389880761504173 0.09375695139169693
0 0.2636815905570984 0.47117477655410767 0.021515464410185814 0.10781501233577728
0 0.1888284683227539 0.3768724799156189 0.020705334842205048 0.08787070214748383
0 0.4616320729255676 0.5393278002738953 0.03038196638226509 0.10041452944278717
0 0.3819737136363983 0.3814760148525238 0.021319199353456497 0.09095611423254013
0 0.44131889939308167 0.44921088218688965 0.021669482812285423 0.09054599702358246
0 0.47686415910720825 0.5371000170707703 0.0326116569340229 0.10375908762216568
