0 0.4320187270641327 0.6837766170501709 0.02365407906472683 0.1104540228843689
0 0.24719004333019257 0.5097417831420898 0.026885032653808594 0.08770463615655899
0 0.22295431792736053 0.6465443968772888 0.028131961822509766 0.1021948903799057
0 0.27963706851005554 0.435263991355896 0.01705942116677761 0.07053154706954956
0 0.19618138670921326 0.4760548770427704 0.015061807818710804 0.08706054836511612
0 0.6597980260848999 0.5633264183998108 0.019799740985035896 0.09374254196882248
0 0.32688072323799133 0.5672416687011719 0.027414798736572266 0.09748263657093048
0 0.4547668397426605 0.4541413486003876 0.022430038079619408 0.062261708080768585
0 0.022748669609427452 0.45385149121284485 0.02172568067908287 0.08315666764974594
0 0.2242739051580429 0.39194634556770325 0.021689271554350853 0.07078094780445099
0 0.5673344135284424 0.5402657389640808 0.02156270295381546 0.08382534235715866
0 0.3218332827091217 0.5647779703140259 0.025619124993681908 0.09323255717754364
0 0.2213701605796814 0.6466811299324036 0.019705723971128464 0.09855674207210541
0 0.5597220063209534 0.5144312381744385 0.024753188714385033 0.12809380888938904
0 0.555935800075531 0.48456862568855286 0.018558312207460403 0.06637946516275406
0 0.7409403324127197 0.46809104084968567 0.01916198804974556 0.06580496579408646
0 0.4938817322254181 0.4733993709087372 0.029698561877012253 0.09051496535539627
0 0.48244228959083557 0.47096115350723267 0.023727893829345703 0.08651238679885864
