0 0.165171280503273 0.7345698475837708 0.03900391235947609 0.13507181406021118
0 0.8095995187759399 0.5150328874588013 0.029942702502012253 0.08039302378892899
0 0.9539890885353088 0.8109318017959595 0.04159431532025337 0.1288875937461853
0 0.36782553791999817 0.5248804688453674 0.026337051764130592 0.1028069406747818
0 0.04976848140358925 0.5907172560691833 0.025657590478658676 0.10906863957643509
0 0.27738240361213684 0.5296027064323425 0.026919348165392876 0.09683448076248169
0 0.015674564987421036 0.4141039550304413 0.018038328737020493 0.08811289817094803
0 0.2707972228527069 0.6845721006393433 0.02542174607515335 0.10886778682470322
0 0.541821300983429 0.452486515045166 0.022225189954042435 0.08434134721755981
0 0.9266225695610046 0.5125729441642761 0.024286651983857155 0.0884130671620369
0 0.7911379933357239 0.37047281861305237 0.02273966558277607 0.0654633417725563
0 0.9848501086235046 0.7357380986213684 0.029092788696289062 0.11031527817249298
0 0.6071814894676208 0.5389866232872009 0.0367533378303051 0.12042236328125
0 0.771776556968689 0.48100054264068604 0.03028596192598343 0.10578562319278717
0 0.6217883825302124 0.28137174248695374 0.015170288272202015 0.07285803556442261
0 0.7543498873710632 0.36983227729797363 0.02463563345372677 0.06763322651386261
0 0.6048609614372253 0.5587670207023621 0.03420651704072952 0.08846774697303772
0 0.40438804030418396 0.3786970376968384 0.023234780877828598 0.07884843647480011
0 0.9260004162788391 0.5287426710128784 0.02292938157916069 0.05617472156882286
