0 0.880038857460022 0.742551863193512 0.029169654473662376 0.12811651825904846
0 0.7601210474967957 0.5124481916427612 0.021404266357421875 0.09581121057271957
0 0.6952515840530396 0.7303831577301025 0.030153464525938034 0.12108086794614792
0 0.3753318190574646 0.669062614440918 0.02588583715260029 0.1017073467373848
0 0.7324509024620056 0.49775373935699463 0.019294483587145805 0.09693027287721634
0 0.4595538079738617 0.4735850989818573 0.017676925286650658 0.08806304633617401
0 0.8344566226005554 0.6027029752731323 0.04497070237994194 0.12801700830459595
0 0.12850025296211243 0.48833054304122925 0.04040703922510147 0.09372033178806305
0 0.9424190521240234 0.7101438045501709 0.027310753241181374 0.11818389594554901
0 0.03882668912410736 0.8474031090736389 0.047157395631074905 0.13676351308822632
0 0.503271758556366 0.5552968382835388 0.018602943047881126 0.09407399594783783
0 0.3962148129940033 0.6389005780220032 0.023421065881848335 0.10720927268266678
0 0.2625144422054291 0.4142414629459381 0.020393164828419685 0.08114047348499298
0 0.5197319984436035 0.3988516926765442 0.01655273512005806 0.08284912258386612
0 0.41818350553512573 0.4623928964138031 0.017859458923339844 0.08493106812238693
0 0.1437189131975174 0.4162141680717468 0.02027731016278267 0.0866563618183136
0 0.5566160678863525 0.373403936624527 0.018278121948242188 0.058225419372320175
0 0.41183584928512573 0.35447654128074646 0.019635390490293503 0.06580191850662231
0 0.3173547685146332 0.31630396842956543 0.019309615716338158 0.07057613879442215
0 0.8357299566268921 0.5869554877281189 0.0404142364859581 0.09921332448720932
