0 0.09148234874010086 0.7194710373878479 0.020756609737873077 0.12472432106733322
0 0.28126323223114014 0.7517684698104858 0.027932072058320045 0.12402547150850296
0 0.2505270838737488 0.611034631729126 0.01991133764386177 0.11036207526922226
0 0.6179211735725403 0.4890916645526886 0.021693166345357895 0.09031880646944046
0 0.31581592559814453 0.575237512588501 0.020106220617890358 0.10171203315258026
0 0.16142907738685608 0.5298420190811157 0.01693248748779297 0.10527683049440384
0 0.5290821194648743 0.5393372178077698 0.026259994134306908 0.1383923590183258
0 0.13228079676628113 0.4215802848339081 0.016490697860717773 0.09282650053501129
0 0.2578689455986023 0.4893837869167328 0.023270606994628906 0.08536097407341003
0 0.39965811371803284 0.550183117389679 0.02790660783648491 0.09793616086244583
0 0.4900178909301758 0.469772607088089 0.0162200927734375 0.09418267011642456
0 0.3100980222225189 0.47198909521102905 0.01819642446935177 0.07845348864793777
0 0.3750591278076172 0.4987512528896332 0.01822093315422535 0.10492774099111557
0 0.008695884607732296 0.5219954252243042 0.01726512424647808 0.10487227141857147
0 0.5305446982383728 0.5485649108886719 0.020220153033733368 0.11846737563610077
