0 0.7778560519218445 0.7342044115066528 0.028656451031565666 0.11082865297794342
0 0.7186771631240845 0.6464740037918091 0.03827247768640518 0.10121946036815643
0 0.2022228240966797 0.5557578802108765 0.023114537820219994 0.07880791276693344
0 0.41503632068634033 0.4492104947566986 0.026624107733368874 0.08057395368814468
0 0.930785596370697 0.9103653430938721 0.05069389194250107 0.12334662675857544
0 0.3688810169696808 0.544774055480957 0.038475289940834045 0.08869883418083191
0 0.0260266475379467 0.7393302321434021 0.03413154557347298 0.11265496164560318
0 0.7051538825035095 0.392719566822052 0.025279171764850616 0.08721169084310532
0 0.34608834981918335 0.4571424722671509 0.018272018060088158 0.0756840705871582
0 0.9399392604827881 0.9089328050613403 0.03280506283044815 0.12139276415109634
0 0.282699853181839 0.4032183289527893 0.014896710403263569 0.06969062238931656
0 0.014172568917274475 0.46066316962242126 0.02116035483777523 0.08105333149433136
0 0.26567164063453674 0.41163066029548645 0.019365962594747543 0.07266523689031601
0 0.05529807507991791 0.3381710350513458 0.021762017160654068 0.0618874728679657
