0 0.6296605467796326 0.6664645671844482 0.037259865552186966 0.08555111289024353
0 0.4586694836616516 0.6794166564941406 0.029856491833925247 0.09667426347732544
0 0.774786114692688 0.43303680419921875 0.02931957319378853 0.07533043622970581
0 0.7227109670639038 0.4654044806957245 0.017569731920957565 0.06559846550226212
0 0.4673832058906555 0.5368223190307617 0.021735573187470436 0.07709486037492752
0 0.6891647577285767 0.46282434463500977 0.02175820618867874 0.0772993266582489
0 0.9675387144088745 0.505795419216156 0.016040802001953125 0.06083865836262703
0 0.9327141046524048 0.5524860620498657 0.022232819348573685 0.06718122959136963
0 0.40827587246894836 0.44882574677467346 0.03572244569659233 0.0621834360063076
0 0.4016135036945343 0.449997216463089 0.024442577734589577 0.06441548466682434
0 0.4040185213088989 0.43942582607269287 0.020428180694580078 0.0470818430185318
0 0.7215237021446228 0.4685501158237457 0.023022715002298355 0.07416754961013794
0 0.9675143957138062 0.5145824551582336 0.020540809258818626 0.07557966560125351
0 0.9370370507240295 0.5544606447219849 0.03221569210290909 0.07265523076057434
