0 0.8478222489356995 0.5211248397827148 0.03241615369915962 0.08738725632429123
0 0.6730701327323914 0.7918667197227478 0.03006916120648384 0.11431579291820526
0 0.4422447085380554 0.5450587272644043 0.040152739733457565 0.0880940780043602
0 0.43432101607322693 0.5455785393714905 0.023651694878935814 0.08930449187755585
0 0.5230629444122314 0.4261767268180847 0.021370410919189453 0.07290564477443695
0 0.3686920702457428 0.6238006949424744 0.03966646268963814 0.09732801467180252
0 0.34294959902763367 0.7118703126907349 0.0417233482003212 0.10721605271100998
0 0.9930341839790344 0.5491247773170471 0.013065338134765625 0.20624873042106628
0 0.7442633509635925 0.49604395031929016 0.018035633489489555 0.07568570971488953
0 0.3814341127872467 0.30333271622657776 0.034122370183467865 0.07307484745979309
0 0.2090587019920349 0.3169972896575928 0.05004391819238663 0.04094306007027626
0 0.7026860117912292 0.3832409381866455 0.026294199749827385 0.06412167102098465
