0 0.40009307861328125 0.6999543309211731 0.03268969804048538 0.13846486806869507
0 0.49900808930397034 0.5183712244033813 0.028995323926210403 0.11575229465961456
0 0.5887386798858643 0.4837614893913269 0.02469177171587944 0.10416197776794434
0 0.8613004684448242 0.692143440246582 0.03517723083496094 0.1353517323732376
0 0.6981804966926575 0.6059386134147644 0.03475087508559227 0.11647932231426239
0 0.8937176465988159 0.4654780626296997 0.022452164441347122 0.10331723093986511
0 0.2526935935020447 0.556315004825592 0.03857286646962166 0.07334747165441513
0 0.7079601287841797 0.5302647948265076 0.02152710035443306 0.09659390151500702
0 0.7817396521568298 0.37679412961006165 0.021310487762093544 0.07102949172258377
0 0.35432901978492737 0.529782772064209 0.0263519287109375 0.08337758481502533
0 0.7435228824615479 0.40820345282554626 0.014904975891113281 0.06605241447687149
0 0.7278345823287964 0.46165499091148376 0.027222823351621628 0.10010356456041336
0 0.7820208668708801 0.381597101688385 0.02833150140941143 0.07750014960765839
0 0.35619571805000305 0.5187872648239136 0.022197436541318893 0.059658586978912354
0 0.5336495637893677 0.44960394501686096 0.027341078966856003 0.0741242840886116
