0 0.4277283847332001 0.6866004467010498 0.022456835955381393 0.09455735981464386
0 0.390654057264328 0.7187722325325012 0.025435542687773705 0.10119696706533432
0 0.7058821320533752 0.5380218625068665 0.02242705039680004 0.09385020285844803
0 0.6342052817344666 0.5960557460784912 0.019605254754424095 0.09787563979625702
0 0.8493057489395142 0.5310317277908325 0.026773834601044655 0.08460235595703125
0 0.7591010928153992 0.8807627558708191 0.030127398669719696 0.1331097036600113
0 0.8142862319946289 0.4455239474773407 0.018516158685088158 0.08092769980430603
0 0.9602870941162109 0.5299488306045532 0.021732712164521217 0.0904168039560318
0 0.5158794522285461 0.3752587139606476 0.017508696764707565 0.05410579964518547
0 0.9700584411621094 0.3929826617240906 0.03310432285070419 0.061489783227443695
