0 0.044203951954841614 0.5473050475120544 0.026685046032071114 0.11797558516263962
0 0.44002851843833923 0.49696287512779236 0.026361942291259766 0.10043603181838989
0 0.4870571196079254 0.6362465023994446 0.0385194793343544 0.10797882080078125
0 0.4114018380641937 0.647458553314209 0.03143787384033203 0.10594725608825684
0 0.5779131054878235 0.34387192130088806 0.015405654907226562 0.08332926779985428
0 0.6457358002662659 0.44790977239608765 0.02686481550335884 0.08828998357057571
0 0.7911088466644287 0.5360317230224609 0.03856455534696579 0.1144883930683136
0 0.9870166778564453 0.5161857604980469 0.02401428297162056 0.09972797334194183
0 0.8344925045967102 0.2591478228569031 0.01954631879925728 0.0742068812251091
0 0.2784605622291565 0.5782158970832825 0.0284558292478323 0.10532599687576294
0 0.9910514950752258 0.34160351753234863 0.017034340649843216 0.08026936650276184
0 0.9592755436897278 0.33489710092544556 0.018958091735839844 0.08355068415403366
0 0.7618738412857056 0.42432233691215515 0.02057342603802681 0.08664432168006897
0 0.19349254667758942 0.386118620634079 0.016644064337015152 0.0917479619383812
0 0.7373605370521545 0.22172193229198456 0.01679096184670925 0.06822056323289871
