0 0.2259109616279602 0.5450471043586731 0.031206702813506126 0.09321526437997818
0 0.10576869547367096 0.7680394649505615 0.034085918217897415 0.10932312160730362
0 0.42700737714767456 0.514172375202179 0.024904632940888405 0.0902833417057991
0 0.8710706830024719 0.7458021640777588 0.036627959460020065 0.10363125056028366
0 0.8452998995780945 0.7068293690681458 0.03913421556353569 0.10585428774356842
0 0.6650980710983276 0.5555477738380432 0.03051280975341797 0.08019714057445526
0 0.6736937165260315 0.4292541444301605 0.0358465202152729 0.08897857367992401
0 0.05115890875458717 0.5465154647827148 0.020905876532197 0.0928327739238739
0 0.48781996965408325 0.5410603880882263 0.024050330743193626 0.08124632388353348
0 0.3244422972202301 0.49097689986228943 0.02689065970480442 0.07500271499156952
0 0.19423465430736542 0.4234822988510132 0.022466659545898438 0.07220255583524704
0 0.5301222205162048 0.4834820330142975 0.025643888860940933 0.07545586675405502
0 0.7442365288734436 0.5037657618522644 0.03135287016630173 0.06550959497690201
0 0.5979408025741577 0.5176239609718323 0.031678710132837296 0.0745714008808136
0 0.43741804361343384 0.3291868567466736 0.019812678918242455 0.06278655678033829
0 0.2957667112350464 0.3058435022830963 0.024261856451630592 0.053569283336400986
0 0.6026092767715454 0.5121749043464661 0.022388268262147903 0.06760050356388092
