0 0.0845777690410614 0.541228711605072 0.028553271666169167 0.10003069043159485
0 0.16340214014053345 0.43016695976257324 0.025002192705869675 0.0896950364112854
0 0.6882251501083374 0.6290951371192932 0.02984447404742241 0.11108686774969101
0 0.30941957235336304 0.6357303261756897 0.03450660780072212 0.09226379543542862
0 0.35640525817871094 0.3418712615966797 0.017796803265810013 0.08171497285366058
0 0.9051513671875 0.6072842478752136 0.032561492174863815 0.11018303781747818
0 0.3847868740558624 0.345225065946579 0.018965816125273705 0.08781492710113525
0 0.5079026222229004 0.4259568154811859 0.020996475592255592 0.09612308442592621
0 0.5295045375823975 0.4004938006401062 0.020412445068359375 0.09042493999004364
0 0.35792282223701477 0.5599514842033386 0.03998463973402977 0.08085394650697708
0 0.22656793892383575 0.49946966767311096 0.02660236321389675 0.0822250097990036
0 0.2258348912000656 0.6972110271453857 0.04682893678545952 0.10226338356733322
0 0.16742375493049622 0.2821888029575348 0.018374968320131302 0.07236641645431519
0 0.046060603111982346 0.27349045872688293 0.017149055376648903 0.07770588994026184
0 0.6382662057876587 0.4929996132850647 0.027068328112363815 0.09709744155406952
0 0.7218008041381836 0.33028772473335266 0.0166473388671875 0.07636981457471848
