0 0.7144317626953125 0.5521770119667053 0.02159239538013935 0.10059074312448502
0 0.5755661129951477 0.8265593647956848 0.036231040954589844 0.11831783503293991
0 0.9027459621429443 0.6087198853492737 0.02546215057373047 0.10908355563879013
0 0.5268396139144897 0.5435279011726379 0.021756744012236595 0.0918901264667511
0 0.4082566201686859 0.6492977738380432 0.0378812775015831 0.10100951045751572
0 0.6443304419517517 0.49912765622138977 0.03135032579302788 0.0977160707116127
0 0.8037071824073792 0.5225726366043091 0.021667862311005592 0.09196929633617401
0 0.8428674936294556 0.6742401123046875 0.020595550537109375 0.11113275587558746
0 0.7200703024864197 0.4252101480960846 0.025800831615924835 0.07950150966644287
0 0.931594967842102 0.3386109173297882 0.022383689880371094 0.07260029762983322
0 0.8231241703033447 0.3838983476161957 0.036362648010253906 0.07765672355890274
0 0.5015766024589539 0.3715098202228546 0.0252551082521677 0.08527679741382599
0 0.8185482025146484 0.38129594922065735 0.022049713879823685 0.07429402321577072
