0 0.19317956268787384 0.5128052830696106 0.021437931805849075 0.08971472829580307
0 0.09256511181592941 0.8828162550926208 0.04784054681658745 0.14719267189502716
0 0.46168041229248047 0.732698380947113 0.024014759808778763 0.10769246518611908
0 0.9659479856491089 0.6421992778778076 0.021147537976503372 0.10372196137905121
0 0.9331023097038269 0.6706667542457581 0.023125458508729935 0.110381118953228
0 0.5267810821533203 0.7036239504814148 0.021063994616270065 0.11601664125919342
0 0.8303411602973938 0.8434092402458191 0.030103683471679688 0.12242024391889572
0 0.8750417828559875 0.5513339638710022 0.02167510986328125 0.10009409487247467
0 0.6012141108512878 0.5154768228530884 0.017299842089414597 0.08445719629526138
0 0.8618862628936768 0.7982174158096313 0.021273041144013405 0.12403971701860428
0 0.6235101222991943 0.6029663681983948 0.021538352593779564 0.09140760451555252
0 0.5318952798843384 0.4955180287361145 0.016743246465921402 0.0895061045885086
0 0.9126949310302734 0.5988385081291199 0.024451445788145065 0.10574804246425629
0 0.9927753210067749 0.8080167770385742 0.013585281558334827 0.1062978133559227
0 0.37723007798194885 0.43514564633369446 0.02324209176003933 0.06059689074754715
0 0.21680831909179688 0.42984965443611145 0.013108635321259499 0.06417151540517807
0 0.45655184984207153 0.4053514897823334 0.02000885084271431 0.048509810119867325
0 0.45650920271873474 0.4098173975944519 0.025672530755400658 0.060258399695158005
