0 0.38110604882240295 0.6714773774147034 0.04141664505004883 0.11828901618719101
0 0.04236264526844025 0.5403524041175842 0.02946748211979866 0.11226975917816162
0 0.43406668305397034 0.6454735398292542 0.03272419050335884 0.11268486082553864
0 0.591822624206543 0.4828382730484009 0.033365629613399506 0.08654849976301193
0 0.20643511414527893 0.39981749653816223 0.018211936578154564 0.09046868234872818
0 0.5923143029212952 0.362230509519577 0.026147078722715378 0.08259820193052292
0 0.7942222356796265 0.5447403788566589 0.029758071526885033 0.11081881821155548
0 0.24979901313781738 0.5891122221946716 0.02355518378317356 0.1052975133061409
0 0.9445394277572632 0.359834223985672 0.03671455383300781 0.09087846428155899
0 0.4446789622306824 0.5193515419960022 0.02571716345846653 0.09172973781824112
0 0.7469949722290039 0.44212639331817627 0.018674850463867188 0.08338674157857895
0 0.8342412710189819 0.27113693952560425 0.01773529127240181 0.07266074419021606
0 0.7346019148826599 0.23633702099323273 0.018436431884765625 0.05840630829334259
0 0.9939472079277039 0.44614648818969727 0.011266326531767845 0.21553969383239746
0 0.9915292859077454 0.44632813334465027 0.016337204724550247 0.2150951772928238
