0 0.7754231095314026 0.6356512904167175 0.0260645542293787 0.12827549874782562
0 0.7280911803245544 0.6886106133460999 0.02818012237548828 0.13120225071907043
0 0.7546946406364441 0.4166073799133301 0.03288326412439346 0.1021510660648346
0 0.3132100999355316 0.668066680431366 0.03759736940264702 0.12707361578941345
0 0.6258184909820557 0.5060938596725464 0.025687217712402344 0.09612271189689636
0 0.6895668506622314 0.38045239448547363 0.02545623853802681 0.07851681113243103
0 0.5247995853424072 0.5147769451141357 0.027981821447610855 0.1000332310795784
0 0.7026323676109314 0.5522127747535706 0.02654571458697319 0.0921114906668663
0 0.1724395751953125 0.683685302734375 0.020652245730161667 0.12585517764091492
0 0.5355280041694641 0.4225710928440094 0.022833792492747307 0.09278810024261475
0 0.6530091166496277 0.5185419321060181 0.025790024548768997 0.08272925764322281
0 0.5950263142585754 0.417670875787735 0.025941213592886925 0.10581716150045395
0 0.25739356875419617 0.4172910451889038 0.025564750656485558 0.06820373237133026
