0 0.3983182907104492 0.5429260730743408 0.033456992357969284 0.0886043980717659
0 0.37468624114990234 0.88421630859375 0.035234928131103516 0.14404296875
0 0.8993127942085266 0.7672039270401001 0.023668289184570312 0.13574489951133728
0 0.20037488639354706 0.5191596150398254 0.024541012942790985 0.10023410618305206
0 0.25506460666656494 0.5655669569969177 0.0243320781737566 0.1057145893573761
0 0.5688768029212952 0.4262326657772064 0.020705223083496094 0.08754916489124298
0 0.7864258885383606 0.6098750233650208 0.02986736223101616 0.10647972673177719
0 0.6335704922676086 0.45950743556022644 0.025347137823700905 0.09467925876379013
0 0.5439500212669373 0.512540340423584 0.02638823166489601 0.09201185405254364
0 0.349762499332428 0.42482978105545044 0.01865183562040329 0.08109775185585022
0 0.006609360221773386 0.5139209628105164 0.013140545226633549 0.10166948288679123
0 0.22757425904273987 0.47232377529144287 0.01794910430908203 0.0859718918800354
0 0.4594152569770813 0.41620776057243347 0.018271636217832565 0.07496651262044907
0 0.22551870346069336 0.5054160952568054 0.0174286849796772 0.03171268105506897
