0 0.9550905227661133 0.5576902627944946 0.025784682482481003 0.09801330417394638
0 0.768068253993988 0.4188235104084015 0.014562861062586308 0.07730814814567566
0 0.858920156955719 0.586829423904419 0.02455425262451172 0.10107540339231491
0 0.7064297199249268 0.39436662197113037 0.021353531628847122 0.07620052993297577
0 0.8076364994049072 0.45313364267349243 0.01888294145464897 0.08709818869829178
0 0.4217216372489929 0.4736717939376831 0.019528578966856003 0.09012974053621292
0 0.6445633769035339 0.48731011152267456 0.0171051025390625 0.08825480192899704
0 0.5811978578567505 0.6502761244773865 0.027895163744688034 0.09983056783676147
0 0.20349368453025818 0.39229923486709595 0.016697406768798828 0.0758141428232193
0 0.6044434905052185 0.38411805033683777 0.022255897521972656 0.12222815304994583
0 0.5733867883682251 0.4571652114391327 0.014812151901423931 0.08397357910871506
0 0.22187533974647522 0.5463728308677673 0.03454256057739258 0.07050645351409912
0 0.3996555209159851 0.3920140564441681 0.02112569846212864 0.0618964284658432
0 0.6049025058746338 0.39984071254730225 0.02086505852639675 0.09038102626800537
0 0.374906986951828 0.673260509967804 0.020319651812314987 0.109283447265625
0 0.5113226771354675 0.45283955335617065 0.02035350725054741 0.06512033194303513
0 0.38164541125297546 0.6729030013084412 0.03287944942712784 0.10950277745723724
0 0.4814443588256836 0.27946579456329346 0.014224815182387829 0.05333322659134865
0 0.6012316346168518 0.36948367953300476 0.01912403106689453 0.1276169717311859
0 0.8029079437255859 0.45225879549980164 0.026109695434570312 0.08672993630170822
