0 0.7305346727371216 0.5791105031967163 0.03187866136431694 0.10786353051662445
0 0.8901094198226929 0.6309939622879028 0.03316383436322212 0.13312259316444397
0 0.4132963716983795 0.6675117015838623 0.033724818378686905 0.11029832810163498
0 0.7295102477073669 0.43680277466773987 0.02149372175335884 0.11260669678449631
0 0.8890945315361023 0.41010063886642456 0.024078369140625 0.11543409526348114
0 0.7854251265525818 0.48718488216400146 0.024515407159924507 0.11276987940073013
0 0.682688295841217 0.37216612696647644 0.02002849616110325 0.1463509500026703
0 0.5632799863815308 0.47090426087379456 0.019320106133818626 0.11710010468959808
0 0.8304029107093811 0.35191524028778076 0.02453174628317356 0.11442311853170395
0 0.1337389200925827 0.5675325989723206 0.020912639796733856 0.05810970813035965
0 0.8256351351737976 0.3514363169670105 0.029959678649902344 0.10958277434110641
0 0.4138607084751129 0.5026844143867493 0.015089606866240501 0.04896878823637962
