0 0.306185245513916 0.7001694440841675 0.034236907958984375 0.09027167409658432
0 0.5470085144042969 0.44765666127204895 0.03310203552246094 0.09064789116382599
0 0.797857940196991 0.5383512377738953 0.023996543139219284 0.08682200312614441
0 0.2685999870300293 0.45921602845191956 0.02402973175048828 0.06458805501461029
0 0.5121076703071594 0.46472060680389404 0.014990806579589844 0.06984741985797882
0 0.7612714767456055 0.5041467547416687 0.031595610082149506 0.09540151059627533
0 0.4952484369277954 0.6723902821540833 0.0268415454775095 0.09187469631433487
0 0.8608997464179993 0.40794721245765686 0.023789405822753906 0.06666446477174759
0 0.31658661365509033 0.5488620400428772 0.022113513201475143 0.05762651190161705
0 0.31846123933792114 0.5540832877159119 0.02488514594733715 0.07099417597055435
0 0.8967136144638062 0.4171622395515442 0.02324981614947319 0.07522515207529068
0 0.30235055088996887 0.6958507895469666 0.02529001235961914 0.08356797695159912
0 0.7848402857780457 0.3559532165527344 0.01918506622314453 0.05437638983130455
0 0.5146489143371582 0.4677909314632416 0.02114086225628853 0.07650129497051239
