0 0.29504725337028503 0.8660725951194763 0.026952648535370827 0.13682080805301666
0 0.12071892619132996 0.492951899766922 0.03666619583964348 0.09755536913871765
0 0.5997113585472107 0.6795486211776733 0.02827269211411476 0.1270006000995636
0 0.3510994017124176 0.4776374101638794 0.0229936596006155 0.09844665229320526
0 0.16274996101856232 0.6975705623626709 0.025112533941864967 0.12457111477851868
0 0.26513734459877014 0.5586012005805969 0.02160862274467945 0.11068979650735855
0 0.7015224099159241 0.6285312175750732 0.035955555737018585 0.1063121110200882
0 0.5588374733924866 0.5550822019577026 0.019911320880055428 0.10399876534938812
0 0.0505857951939106 0.6433489918708801 0.02660267800092697 0.10038333386182785
0 0.046332962810993195 0.5619668364524841 0.02412198856472969 0.10459984838962555
0 0.6156622767448425 0.5426144599914551 0.024051476269960403 0.07499784976243973
0 0.6059502959251404 0.5965319871902466 0.022030893713235855 0.08541072905063629
0 0.4791274964809418 0.5740041732788086 0.03213195875287056 0.06143968552350998
