0 0.39725425839424133 0.6768820881843567 0.03159720078110695 0.12910833954811096
0 0.3749048113822937 0.5639776587486267 0.02843179740011692 0.10335173457860947
0 0.8591527342796326 0.4141749143600464 0.03731555864214897 0.10642852634191513
0 0.8041698932647705 0.5692702531814575 0.03703918308019638 0.16466352343559265
0 0.981183648109436 0.7009749412536621 0.03569679334759712 0.13253852725028992
0 0.5281587839126587 0.5405550599098206 0.048038069158792496 0.10874057561159134
0 0.6185159087181091 0.5354207158088684 0.02994060516357422 0.10810405761003494
0 0.8520458340644836 0.41482436656951904 0.024027252569794655 0.10665605217218399
0 0.6505135893821716 0.48927217721939087 0.024313291534781456 0.11628570407629013
0 0.976876437664032 0.4409036636352539 0.031109999865293503 0.10058525949716568
0 0.7829493880271912 0.4300752580165863 0.01888987235724926 0.08225555717945099
0 0.8047417998313904 0.5939163565635681 0.03401508182287216 0.11968784779310226
0 0.639452338218689 0.43983930349349976 0.023420143872499466 0.10159070044755936
0 0.44757041335105896 0.46103447675704956 0.03243865817785263 0.0705077275633812
0 0.6460055112838745 0.48718369007110596 0.03301677852869034 0.1251542568206787
0 0.6366574168205261 0.4380895495414734 0.01980895921587944 0.09148658812046051
0 0.5228818655014038 0.5335781574249268 0.022378157824277878 0.0930015817284584
0 0.6445502042770386 0.46629783511161804 0.03221588209271431 0.15062543749809265
0 0.9452606439590454 0.3772850036621094 0.027500152587890625 0.0679575577378273
