0 0.7200612425804138 0.6158965229988098 0.027772584930062294 0.10110202431678772
0 0.6418387293815613 0.6734998226165771 0.04011192172765732 0.1044144257903099
0 0.18798522651195526 0.5727795958518982 0.02361288107931614 0.08939118683338165
0 0.4169931411743164 0.5402789115905762 0.019588280469179153 0.09289997071027756
0 0.3272770941257477 0.46273311972618103 0.02284526824951172 0.07963494211435318
0 0.21998891234397888 0.3982255756855011 0.017420673742890358 0.08124906569719315
0 0.18397639691829681 0.4010429382324219 0.01958746835589409 0.08350474387407303
0 0.3718980848789215 0.4421719014644623 0.021996403113007545 0.08449721336364746
0 0.9747141599655151 0.8193135857582092 0.028768349438905716 0.10257941484451294
0 0.05559214577078819 0.7405964136123657 0.04478863254189491 0.09714982658624649
0 0.5929990410804749 0.3833587169647217 0.024069786071777344 0.07829894870519638
0 0.06318318843841553 0.7341400384902954 0.029048684984445572 0.08467017114162445
