0 0.22211094200611115 0.7180721759796143 0.06411485373973846 0.2260301411151886
0 0.4329116940498352 0.8001015782356262 0.03204669803380966 0.11431477963924408
0 0.25631430745124817 0.5693756937980652 0.044168710708618164 0.09018707275390625
0 0.2232789695262909 0.7769753336906433 0.06075134128332138 0.10760803520679474
0 0.5009601712226868 0.4955625832080841 0.029627036303281784 0.09252367168664932
0 0.7258030772209167 0.4702906012535095 0.026901626959443092 0.07645947486162186
0 0.6152970194816589 0.5046817064285278 0.027445221319794655 0.0765262171626091
0 0.2442055642604828 0.41261327266693115 0.02414712868630886 0.08092736452817917
0 0.7733963131904602 0.5869891047477722 0.03060741350054741 0.09384680539369583
0 0.7455654144287109 0.3913987874984741 0.021707534790039062 0.0774555653333664
0 0.38794270157814026 0.3666837811470032 0.02310648001730442 0.0739271342754364
0 0.9283215999603271 0.4250839352607727 0.02345867082476616 0.08097008615732193
0 0.8818197846412659 0.4843255579471588 0.017883682623505592 0.09887175261974335
0 0.24820204079151154 0.5688919425010681 0.029132938012480736 0.08995717018842697
0 0.7238796353340149 0.4645020663738251 0.02116851881146431 0.06558303534984589
0 0.20744012296199799 0.6497244238853455 0.036353252828121185 0.08801958709955215
