0 0.6417908072471619 0.6427803039550781 0.02125854417681694 0.10489925742149353
0 0.45682647824287415 0.6157430410385132 0.021999645978212357 0.10382690280675888
0 0.7898997068405151 0.4184649884700775 0.016042137518525124 0.08241347968578339
0 0.9268797039985657 0.5782501101493835 0.02537841722369194 0.09928181767463684
0 0.475117027759552 0.4674697816371918 0.019255828112363815 0.08916626125574112
0 0.8348295092582703 0.4464958608150482 0.018346786499023438 0.09071847051382065
0 0.23028138279914856 0.3713541626930237 0.020197248086333275 0.06963314116001129
0 0.14754308760166168 0.5666723251342773 0.026574278250336647 0.09206576645374298
0 0.7206532955169678 0.4922388792037964 0.02426980249583721 0.0968107134103775
0 0.7418588995933533 0.39517849683761597 0.015671730041503906 0.08801040798425674
0 0.44853705167770386 0.3874070346355438 0.019762421026825905 0.07513716071844101
0 0.6315805912017822 0.3296218812465668 0.015970230102539062 0.07277560979127884
0 0.6160430312156677 0.4597971737384796 0.01958821527659893 0.0861685574054718
0 0.49448204040527344 0.2732558250427246 0.016943741589784622 0.06499583274126053
0 0.4208453595638275 0.5227465629577637 0.02006368711590767 0.0866156667470932
0 0.6110081076622009 0.3590124249458313 0.018157323822379112 0.06008860096335411
0 0.4079994261264801 0.4684795141220093 0.02008533477783203 0.08923591673374176
0 0.6278552412986755 0.3691803812980652 0.016386795789003372 0.12731340527534485
