0 0.7158225178718567 0.685438871383667 0.02618560753762722 0.0992838516831398
0 0.12628670036792755 0.6385831236839294 0.0277115348726511 0.10329878330230713
0 0.6194943785667419 0.5806747078895569 0.019547462463378906 0.08966641128063202
0 0.5765165090560913 0.5875994563102722 0.02114257775247097 0.09318548440933228
0 0.22878418862819672 0.6598169207572937 0.01888418197631836 0.10295426845550537
0 0.6541704535484314 0.6946116089820862 0.019572068005800247 0.1082008108496666
0 0.28272372484207153 0.5158408880233765 0.016477202996611595 0.09314388781785965
0 0.41288310289382935 0.7750505208969116 0.021878432482481003 0.11654900759458542
0 0.06824406236410141 0.5953630805015564 0.030088912695646286 0.08900383859872818
0 0.4676375687122345 0.5732128620147705 0.026264380663633347 0.09713643044233322
0 0.5497248768806458 0.5540891289710999 0.01966654509305954 0.06925207376480103
0 0.06237988546490669 0.4730767011642456 0.03599805757403374 0.08238963037729263
0 0.06718562543392181 0.47105079889297485 0.022180743515491486 0.07880723476409912
0 0.4152250289916992 0.5318794250488281 0.02417755126953125 0.07992536574602127
0 0.41248711943626404 0.5290725231170654 0.01854419708251953 0.07175309956073761
0 0.06951015442609787 0.5906771421432495 0.02215871401131153 0.0821785256266594
