0 0.20219561457633972 0.8249440789222717 0.042052317410707474 0.12304466962814331
0 0.032726071774959564 0.7452048063278198 0.06516572088003159 0.23383602499961853
0 0.5713251829147339 0.5714934468269348 0.03323497623205185 0.09556466341018677
0 0.3869773745536804 0.49172401428222656 0.023140525445342064 0.07529802620410919
0 0.48741525411605835 0.45849373936653137 0.024207402020692825 0.081053726375103
0 0.6205646395683289 0.48432657122612 0.02922039106488228 0.09732657670974731
0 0.6149863004684448 0.7926955223083496 0.043474260717630386 0.1108008474111557
0 0.27475088834762573 0.494575172662735 0.03019571304321289 0.09207303076982498
0 0.7497133612632751 0.4790429472923279 0.021063614636659622 0.0895451009273529
0 0.8735324740409851 0.4894537925720215 0.036223601549863815 0.09400377422571182
