0 0.29420769214630127 0.7307267785072327 0.02417583391070366 0.1156972274184227
0 0.11024627834558487 0.6959816217422485 0.029259061440825462 0.11116620898246765
0 0.2769020199775696 0.5821241736412048 0.021802790462970734 0.10495995730161667
0 0.38387805223464966 0.49700626730918884 0.018680762499570847 0.09207116812467575
0 0.17784547805786133 0.5223060846328735 0.017434993758797646 0.09540116786956787
0 0.3145493268966675 0.5623567700386047 0.019576167687773705 0.09505733847618103
0 0.4537355303764343 0.4659997820854187 0.02106313779950142 0.09435882419347763
0 0.4268464148044586 0.5221081972122192 0.031012535095214844 0.08824446052312851
0 0.3526953160762787 0.5067303776741028 0.020512135699391365 0.09040679782629013
0 0.2139100432395935 0.4836551249027252 0.023577069863677025 0.09547186642885208
0 0.5381227135658264 0.46919378638267517 0.01873188093304634 0.07427554577589035
0 0.5301173329353333 0.5404223203659058 0.02430095709860325 0.11170298606157303
0 0.13781198859214783 0.4155338406562805 0.022186128422617912 0.08570565283298492
0 0.527787446975708 0.526361882686615 0.024631023406982422 0.12950456142425537
0 0.42322838306427 0.5147868990898132 0.025719737634062767 0.07788866013288498
0 0.5371153354644775 0.5004122257232666 0.01971263810992241 0.11814410984516144
0 0.13487307727336884 0.4117233157157898 0.013944673351943493 0.08154008537530899
0 0.007494787219911814 0.5113686323165894 0.014918511733412743 0.09942810982465744
