0 0.27518171072006226 0.7769280076026917 0.03351782262325287 0.13010965287685394
0 0.8530120849609375 0.5956918001174927 0.02644958533346653 0.12461920827627182
0 0.5673977136611938 0.5128161311149597 0.02309093438088894 0.12220854312181473
0 0.7585240602493286 0.7648062109947205 0.02904071845114231 0.15077464282512665
0 0.5106743574142456 0.5653687119483948 0.022812653332948685 0.1256663054227829
0 0.5338746309280396 0.6834399700164795 0.03520164638757706 0.11775071918964386
0 0.6619769930839539 0.6796320080757141 0.03112252615392208 0.13593292236328125
0 0.8242572546005249 0.38211941719055176 0.019455337896943092 0.10334964096546173
0 0.7079819440841675 0.3948219120502472 0.0217437744140625 0.1049208715558052
0 0.689278781414032 0.4401923418045044 0.019823456183075905 0.10454827547073364
0 0.989101231098175 0.638801634311676 0.020902251824736595 0.10471920669078827
0 0.45956119894981384 0.40194839239120483 0.018787384033203125 0.08507809042930603
0 0.5281335711479187 0.5913283228874207 0.0267099067568779 0.07956373691558838
0 0.6697196960449219 0.6039773225784302 0.035094261169433594 0.09061827510595322
0 0.6664360761642456 0.6730664372444153 0.027129363268613815 0.14554516971111298
