0 0.4518871307373047 0.5982422828674316 0.021911049261689186 0.07212880253791809
0 0.1823919415473938 0.7370945811271667 0.02637195587158203 0.1386283040046692
0 0.21369220316410065 0.94937664270401 0.024744033813476562 0.10124664008617401
0 0.298365980386734 0.5865023136138916 0.03078419342637062 0.12371673434972763
0 0.6733206510543823 0.6468101143836975 0.02990436553955078 0.12164153903722763
0 0.07410776615142822 0.5419583916664124 0.021254301071166992 0.10543908178806305
0 0.5054049491882324 0.5839804410934448 0.020442962646484375 0.13214026391506195
0 0.2419523298740387 0.4564013183116913 0.022124385461211205 0.10337676852941513
0 0.5778313875198364 0.7327236533164978 0.019191931933164597 0.13346223533153534
0 0.30613982677459717 0.45093637704849243 0.024150753393769264 0.05876241624355316
0 0.608374834060669 0.5701425075531006 0.02606557123363018 0.12121468782424927
