0 0.4254327714443207 0.5937661528587341 0.02587595023214817 0.10334998369216919
0 0.7720488905906677 0.6106492280960083 0.0192438755184412 0.10455220192670822
0 0.7988988161087036 0.5789319276809692 0.029204368591308594 0.12838761508464813
0 0.3625050485134125 0.6332588195800781 0.024340247735381126 0.10234867036342621
0 0.6539201140403748 0.47600045800209045 0.018762778490781784 0.1044706255197525
0 0.8622440695762634 0.6268337368965149 0.024823378771543503 0.11055580526590347
0 0.6303780674934387 0.68888920545578 0.02581787109375 0.1150258406996727
0 0.08488953858613968 0.8194222450256348 0.03516878932714462 0.13307969272136688
0 0.5170258283615112 0.40289485454559326 0.015233802609145641 0.08314785361289978
0 0.4089508056640625 0.4490475654602051 0.01541976910084486 0.08440379053354263
0 0.35801830887794495 0.47583138942718506 0.021550210192799568 0.082033172249794
0 0.1206119954586029 0.5072894096374512 0.028727928176522255 0.09557068347930908
0 0.23234915733337402 0.4170777499675751 0.028116893023252487 0.08074739575386047
0 0.4859086871147156 0.3834225833415985 0.013554382137954235 0.0690186396241188
0 0.37963324785232544 0.36052966117858887 0.014635657891631126 0.07103729248046875
0 0.4521612524986267 0.5466062426567078 0.02021007612347603 0.08670162409543991
0 0.12930162250995636 0.4085705280303955 0.014032046310603619 0.08083309233188629
0 0.11917325854301453 0.49505728483200073 0.022350763902068138 0.07481740415096283
