0 0.29380935430526733 0.48523107171058655 0.02784099616110325 0.07797698676586151
0 0.9871886968612671 0.7391700148582458 0.024357985705137253 0.09818284958600998
0 0.4239623248577118 0.677436888217926 0.04308614879846573 0.07940436154603958
0 0.8835722804069519 0.5965992212295532 0.021311378106474876 0.09543847292661667
0 0.8168764114379883 0.6169269680976868 0.03474998474121094 0.09404630213975906
0 0.19680942595005035 0.5840829610824585 0.03770491108298302 0.07964607328176498
0 0.14670832455158234 0.7518924474716187 0.028455274179577827 0.10432739555835724
0 0.5638028979301453 0.47497135400772095 0.019157791510224342 0.06863971054553986
0 0.14757570624351501 0.4682358205318451 0.016511917114257812 0.07125037908554077
0 0.6591017246246338 0.3909779191017151 0.018090438097715378 0.0704207494854927
0 0.8113828897476196 0.46743443608283997 0.015631865710020065 0.09179873764514923
0 0.6285701990127563 0.3894425630569458 0.016390418633818626 0.062420230358839035
0 0.5836179256439209 0.34531351923942566 0.013553810305893421 0.05391116812825203
0 0.5933821201324463 0.510701060295105 0.020319556817412376 0.07743649184703827
0 0.3764099180698395 0.5052006244659424 0.024540869519114494 0.07501102238893509
0 0.3834756314754486 0.5035982728004456 0.03886372223496437 0.07861310988664627
0 0.416384756565094 0.6768414974212646 0.028818607330322266 0.08055532723665237
0 0.8232149481773376 0.4420441687107086 0.012577247805893421 0.07314611226320267
0 0.8250955939292908 0.4463830292224884 0.020187949761748314 0.0799211859703064
0 0.8244764804840088 0.4585466682910919 0.02226238325238228 0.10427107661962509
0 0.8142910003662109 0.45971858501434326 0.020586777478456497 0.10746748000383377
0 0.173993781208992 0.462637335062027 0.021998215466737747 0.0814552903175354
