0 0.8569315075874329 0.6836525201797485 0.026742171496152878 0.1406000703573227
0 0.266025185585022 0.6983053684234619 0.02400193177163601 0.12355940043926239
0 0.8909149169921875 0.3826104998588562 0.03803100436925888 0.08451266586780548
0 0.6053183078765869 0.577451765537262 0.061704445630311966 0.13660617172718048
0 0.3864915668964386 0.6201209425926208 0.036737315356731415 0.11094783991575241
0 0.7263249754905701 0.5789933800697327 0.032844796776771545 0.11468319594860077
0 0.6536321640014648 0.49894505739212036 0.028581619262695312 0.10412334650754929
0 0.8060601353645325 0.4068807065486908 0.03026103973388672 0.09333258867263794
0 0.3366374373435974 0.4328383207321167 0.035410501062870026 0.07498262077569962
0 0.8846282958984375 0.3718210756778717 0.022774314507842064 0.06383836269378662
0 0.730937659740448 0.44402575492858887 0.04270744323730469 0.08573218435049057
0 0.7111778855323792 0.5586550235748291 0.02653350867331028 0.12650027871131897
0 0.7284032702445984 0.5758195519447327 0.024077605456113815 0.11328260600566864
0 0.6194802522659302 0.44467422366142273 0.03244698792695999 0.08323658257722855
0 0.7913711667060852 0.4134959876537323 0.027445411309599876 0.09775984287261963
0 0.7871808409690857 0.411979079246521 0.019795354455709457 0.09376271814107895
0 0.7870022058486938 0.3967471122741699 0.01749115064740181 0.06186438724398613
0 0.807473361492157 0.3992966413497925 0.02230815961956978 0.08025868982076645
0 0.7154818177223206 0.5632268786430359 0.03170878067612648 0.13198140263557434
0 0.7214242219924927 0.5728725790977478 0.043232280761003494 0.12044677883386612
0 0.7963401675224304 0.41545218229293823 0.03932933881878853 0.09721501916646957
