0 0.7872478365898132 0.7990313172340393 0.036008071154356 0.115814208984375
0 0.6675547361373901 0.4369727373123169 0.020499419420957565 0.07765503227710724
0 0.8883354067802429 0.5108502507209778 0.020643997937440872 0.09163563698530197
0 0.508730411529541 0.5453220009803772 0.040323831140995026 0.08841044455766678
0 0.3977404236793518 0.6566077470779419 0.036596741527318954 0.10382187366485596
0 0.9604228734970093 0.5377601981163025 0.026917839422822 0.09455108642578125
0 0.42307549715042114 0.6060217618942261 0.0340917594730854 0.10095588117837906
0 0.5012140274047852 0.5460956692695618 0.025040531530976295 0.08985375612974167
0 0.89800626039505 0.38759055733680725 0.016305923461914062 0.0759429931640625
0 0.4272575378417969 0.6064850687980652 0.02367877960205078 0.09523060917854309
