0 0.36078891158103943 0.7905895709991455 0.029468758031725883 0.11779005080461502
0 0.6774296164512634 0.6686155200004578 0.021865462884306908 0.11112687736749649
0 0.6168226599693298 0.6894406080245972 0.020591164007782936 0.10882839560508728
0 0.07902228087186813 0.6406742930412292 0.022774958983063698 0.11300133913755417
0 0.3908236622810364 0.528856635093689 0.020759200677275658 0.09060092270374298
0 0.036546435207128525 0.5949609875679016 0.03076631762087345 0.08959469199180603
0 0.5546289086341858 0.5855062007904053 0.019443003460764885 0.09142348915338516
0 0.18662898242473602 0.6696502566337585 0.020036108791828156 0.10840318351984024
0 0.5782936215400696 0.5748461484909058 0.025185013189911842 0.09853702038526535
0 0.25574859976768494 0.5282613039016724 0.02322239801287651 0.09861941635608673
0 0.03571409732103348 0.48194748163223267 0.03574882447719574 0.0908123180270195
0 0.4620848596096039 0.5667958855628967 0.02722930908203125 0.09447699785232544
0 0.49011555314064026 0.5519556999206543 0.019901275634765625 0.05009765550494194
