0 0.527958869934082 0.5215109586715698 0.020895004272460938 0.10938534140586853
0 0.850793719291687 0.6736317873001099 0.02601947821676731 0.12894010543823242
0 0.3837333619594574 0.6280016899108887 0.029875976964831352 0.11589643359184265
0 0.9526317715644836 0.6681832075119019 0.032468032091856 0.12857767939567566
0 0.6048824191093445 0.5365715026855469 0.02619609795510769 0.10544450581073761
0 0.7645547389984131 0.369478702545166 0.023868370801210403 0.06999240815639496
0 0.23363423347473145 0.616374135017395 0.023094749078154564 0.11799028515815735
0 0.5529503226280212 0.4147254526615143 0.03026122972369194 0.09343761950731277
0 0.3413461744785309 0.4090156853199005 0.022944355383515358 0.057213593274354935
0 0.6158295273780823 0.38298654556274414 0.025325393304228783 0.07948591560125351
0 0.6532498598098755 0.5454369187355042 0.04025980457663536 0.11707679182291031
0 0.6607019305229187 0.5496651530265808 0.05650215223431587 0.11233418434858322
0 0.9764566421508789 0.3944207727909088 0.030097197741270065 0.0827673152089119
0 0.6680005788803101 0.5545719861984253 0.03553924709558487 0.09194285422563553
0 0.6465359330177307 0.5425600409507751 0.034648895263671875 0.1102159321308136
0 0.6300932765007019 0.4076482653617859 0.03226267546415329 0.07697321474552155
0 0.5548763275146484 0.40583157539367676 0.02378234826028347 0.07796257734298706
