0 0.26633065938949585 0.7047653794288635 0.028686316683888435 0.12186025083065033
0 0.4523891508579254 0.5207753777503967 0.0335514061152935 0.08499405533075333
0 0.1415484994649887 0.5801624655723572 0.025510739535093307 0.1013541892170906
0 0.34618961811065674 0.6711897253990173 0.023902034386992455 0.11066453903913498
0 0.3716607391834259 0.5273675918579102 0.022279167547822 0.09787037968635559
0 0.8868932723999023 0.3636566996574402 0.025898361578583717 0.06612090766429901
0 0.10601682960987091 0.40594133734703064 0.02140679396688938 0.08779212087392807
0 0.4946709871292114 0.36710500717163086 0.017957592383027077 0.07979600876569748
0 0.8961933255195618 0.5113596320152283 0.02642803266644478 0.08128438889980316
0 0.6312471628189087 0.44376781582832336 0.02739257737994194 0.08495991677045822
0 0.8271719217300415 0.36919835209846497 0.02757110632956028 0.07214067131280899
0 0.87223881483078 0.4651270806789398 0.02522258833050728 0.11103317886590958
0 0.6198984980583191 0.23923936486244202 0.01704120635986328 0.05846009403467178
0 0.6925866603851318 0.5458645224571228 0.03257427364587784 0.09315315634012222
0 0.7164015173912048 0.2737382650375366 0.023080507293343544 0.06574738025665283
0 0.6864206790924072 0.5485952496528625 0.02140197716653347 0.08848752826452255
0 0.7014869451522827 0.5413150787353516 0.04913247376680374 0.09803014993667603
