0 0.6556147933006287 0.857149064540863 0.03506965562701225 0.13482700288295746
0 0.956424355506897 0.6373370289802551 0.03670959547162056 0.10020294040441513
0 0.8623590469360352 0.5211613178253174 0.021522903814911842 0.08738962560892105
0 0.7600587606430054 0.5376574397087097 0.030836105346679688 0.08517111092805862
0 0.3810597062110901 0.6838489174842834 0.027306269854307175 0.08562181144952774
0 0.4152222275733948 0.6540975570678711 0.02368021011352539 0.07964172214269638
0 0.9113922119140625 0.6650547981262207 0.02495117112994194 0.10808122158050537
0 0.7507054805755615 0.4326990842819214 0.02425060234963894 0.07840678095817566
0 0.5526801943778992 0.5617468953132629 0.01929473876953125 0.09939241409301758
0 0.6750401854515076 0.5126649141311646 0.02660808525979519 0.08964038640260696
0 0.8749233484268188 0.3859459161758423 0.021262358874082565 0.07217017561197281
0 0.9808900952339172 0.3300507068634033 0.015477752313017845 0.04892631992697716
0 0.9804702997207642 0.3339100182056427 0.02100524865090847 0.05969289317727089
0 0.9553025960922241 0.6336315274238586 0.02358703687787056 0.09369117021560669
0 0.5099765658378601 0.38130244612693787 0.019492531195282936 0.0681166723370552
