0 0.9688743352890015 0.7389714121818542 0.03536338731646538 0.12291920930147171
0 0.7515599727630615 0.47109922766685486 0.030443381518125534 0.08978471904993057
0 0.4602680206298828 0.5678161978721619 0.03625907748937607 0.0976070836186409
0 0.6527137160301208 0.5416648387908936 0.026519775390625 0.11599290370941162
0 0.3539431691169739 0.45235541462898254 0.02244110032916069 0.08477822691202164
0 0.25596994161605835 0.4827558100223541 0.02514379844069481 0.07224991172552109
0 0.05623972415924072 0.8344618082046509 0.0408015251159668 0.13302543759346008
0 0.5039757490158081 0.7910418510437012 0.03205757215619087 0.11959143728017807
0 0.6108306050300598 0.5781710147857666 0.020940016955137253 0.10337643325328827
0 0.14179451763629913 0.49454787373542786 0.03271343559026718 0.0990486741065979
0 0.6261082887649536 0.45735567808151245 0.023901430889964104 0.06199154257774353
0 0.48420652747154236 0.4747034013271332 0.027799034491181374 0.08460667729377747
0 0.7067320346832275 0.4082612097263336 0.021538352593779564 0.07151039689779282
0 0.3783358931541443 0.383474737405777 0.0246294979006052 0.07866211235523224
