0 0.7253448367118835 0.8791414499282837 0.030908966436982155 0.13753679394721985
0 0.5984819531440735 0.5954627394676208 0.0222015380859375 0.10288543999195099
0 0.8220826983451843 0.5346721410751343 0.029047012329101562 0.08224080502986908
0 0.38950979709625244 0.7056923508644104 0.022495459765195847 0.10432637482881546
0 0.9319933652877808 0.529900848865509 0.02432727813720703 0.08720092475414276
0 0.7872416377067566 0.4502071738243103 0.027822494506835938 0.0799899622797966
0 0.4199783205986023 0.6844863891601562 0.02591705322265625 0.08279995620250702
0 0.6972061991691589 0.5348236560821533 0.022041702643036842 0.08923204243183136
0 0.9383240938186646 0.3966865539550781 0.026683617383241653 0.0682101771235466
0 0.9925281405448914 0.653251051902771 0.014297103509306908 0.09616874158382416
0 0.5196159482002258 0.381750226020813 0.018076706677675247 0.05243682861328125
