0 0.6573926210403442 0.6770181059837341 0.03286774829030037 0.10193684697151184
0 0.9221524596214294 0.8460131883621216 0.03457927703857422 0.13426174223423004
0 0.6877447962760925 0.61239093542099 0.02252635918557644 0.11290910840034485
0 0.36661702394485474 0.5467125773429871 0.022817611694335938 0.09298570454120636
0 0.19605328142642975 0.4000571370124817 0.01745777204632759 0.08183085173368454
0 0.14752675592899323 0.5716245770454407 0.021261978894472122 0.0884874165058136
0 0.34745609760284424 0.4430498480796814 0.031132856383919716 0.0848911702632904
0 0.1632830947637558 0.4083995223045349 0.024489546194672585 0.08209406584501266
0 0.2926652133464813 0.4568668305873871 0.020599620416760445 0.07708406448364258
0 0.006159260869026184 0.7588453888893127 0.012225517071783543 0.1179911270737648
0 0.5773540735244751 0.38497620820999146 0.01868457719683647 0.08132171630859375
0 0.1654888093471527 0.4034010171890259 0.01728326454758644 0.07287444919347763
