0 0.4765884280204773 0.676909863948822 0.0272979736328125 0.10245039314031601
0 0.3510909974575043 0.5627750754356384 0.029903443530201912 0.1141899973154068
0 0.6084008812904358 0.5454069972038269 0.02288799360394478 0.10360503196716309
0 0.0813032016158104 0.43423300981521606 0.019530534744262695 0.08549720048904419
0 0.4459042549133301 0.4256496727466583 0.023740386590361595 0.07353515923023224
0 0.25998300313949585 0.5018278956413269 0.03208456188440323 0.09127315878868103
0 0.31807243824005127 0.41152986884117126 0.016446208581328392 0.07603352516889572
0 0.2593033015727997 0.6291288733482361 0.0178289245814085 0.09803127497434616
0 0.6988972425460815 0.5704526305198669 0.020151520147919655 0.09421539306640625
0 0.5575039982795715 0.5045264363288879 0.019331932067871094 0.08823513239622116
0 0.8095746636390686 0.4628705680370331 0.02227039262652397 0.06902623921632767
0 0.510201632976532 0.473800390958786 0.02420635148882866 0.08478410542011261
0 0.5889257788658142 0.5132627487182617 0.024316787719726562 0.07533501833677292
0 0.4941452741622925 0.45575860142707825 0.023057078942656517 0.06686152517795563
0 0.2547732889652252 0.3824988603591919 0.017343997955322266 0.07847798615694046
