0 0.5280798077583313 0.5332465171813965 0.03622426837682724 0.09603593498468399
0 0.6022972464561462 0.4917900860309601 0.02120005339384079 0.09818536043167114
0 0.740494430065155 0.5335829257965088 0.02215271070599556 0.10170802474021912
0 0.4557725787162781 0.7833595871925354 0.030068397521972656 0.12657096982002258
0 0.6941006779670715 0.4194357097148895 0.021335411816835403 0.08174235373735428
0 0.6741934418678284 0.5817902684211731 0.021785926073789597 0.10101742297410965
0 0.46340277791023254 0.6283348798751831 0.033175088465213776 0.08613795787096024
0 0.881373405456543 0.34349068999290466 0.01982879638671875 0.08321160078048706
0 0.7823129296302795 0.6857594847679138 0.018948936834931374 0.11717580258846283
0 0.8684837222099304 0.5840450525283813 0.022163009271025658 0.11241523176431656
0 0.4303664565086365 0.6176074147224426 0.034616660326719284 0.09927967190742493
0 0.7661858797073364 0.3798976242542267 0.025967979803681374 0.08596522361040115
0 0.4842866063117981 0.3679887056350708 0.023563766852021217 0.09373821318149567
0 0.43410634994506836 0.5995376110076904 0.028541946783661842 0.06200109422206879
0 0.45777541399002075 0.6299203038215637 0.0446866974234581 0.09301384538412094
