0 0.8149646520614624 0.541583776473999 0.025344276800751686 0.11894328147172928
0 0.045903269201517105 0.9033269286155701 0.03416244313120842 0.18229606747627258
0 0.4508749842643738 0.6405794024467468 0.028704453259706497 0.1322903037071228
0 0.6937249302864075 0.4245780110359192 0.024759482592344284 0.12056796997785568
0 0.8472030758857727 0.39444607496261597 0.022344589233398438 0.12175996601581573
0 0.8952254056930542 0.44584810733795166 0.02272510528564453 0.12181244045495987
0 0.5475010275840759 0.45004573464393616 0.019575245678424835 0.0723230168223381
0 0.9862756729125977 0.585345447063446 0.0267486572265625 0.13186673820018768
0 0.5473188161849976 0.4371773600578308 0.021715546026825905 0.09637688845396042
0 0.7260220050811768 0.36089035868644714 0.01965026929974556 0.08648107945919037
0 0.9622100591659546 0.2995794117450714 0.024410247802734375 0.1038086786866188
0 0.8188774585723877 0.3456253111362457 0.023933028802275658 0.10155198723077774
0 0.6078805327415466 0.36874738335609436 0.01639912836253643 0.06270497292280197
