0 0.5552846193313599 0.4358176290988922 0.020552953705191612 0.09204268455505371
0 0.34676694869995117 0.6092095375061035 0.03625679016113281 0.08930663764476776
0 0.11547839641571045 0.27110517024993896 0.01996173895895481 0.075597383081913
0 0.9438242316246033 0.62152099609375 0.03205051273107529 0.11360185593366623
0 0.2891974151134491 0.6575809121131897 0.03880929946899414 0.09965786337852478
0 0.43760091066360474 0.3441341817378998 0.017591476440429688 0.08890315890312195
0 0.2233470380306244 0.4310264587402344 0.02118387259542942 0.09152950346469879
0 0.6890050172805786 0.48744240403175354 0.023952102288603783 0.09857615828514099
0 0.6977490782737732 0.6287482380867004 0.02397480048239231 0.10829654335975647
0 0.5766218304634094 0.4019336998462677 0.02059173583984375 0.0892605260014534
0 0.3763812184333801 0.5724166035652161 0.02721252478659153 0.09225384891033173
0 0.29933425784111023 0.5087921023368835 0.025431538000702858 0.09102517366409302
0 0.23304316401481628 0.2812677025794983 0.017788123339414597 0.07329847663640976
0 0.0452154166996479 0.4033988118171692 0.026243457570672035 0.08269432932138443
0 0.16729013621807098 0.5467671751976013 0.026906967163085938 0.09183219820261002
0 0.4103673994541168 0.3401474058628082 0.01868572272360325 0.07176700234413147
0 0.7653892636299133 0.3305853009223938 0.0221061073243618 0.07620866596698761
0 0.04498118907213211 0.3979404866695404 0.020508019253611565 0.07437879592180252
0 0.4107591509819031 0.33386772871017456 0.015476989559829235 0.060399629175662994
0 0.3744465112686157 0.5622780323028564 0.0220921840518713 0.07142311334609985
0 0.6960510015487671 0.6158779859542847 0.02086658403277397 0.08279972523450851
