0 0.5408427119255066 0.6609513759613037 0.01954021491110325 0.09937015175819397
0 0.8021878600120544 0.7155775427818298 0.02804584428668022 0.11730854958295822
0 0.49800294637680054 0.557981014251709 0.020728683099150658 0.0864521712064743
0 0.06419951468706131 0.6213449835777283 0.023898335173726082 0.10173515230417252
0 0.3412207365036011 0.5921984314918518 0.025875186547636986 0.0965474471449852
0 0.6666721701622009 0.5427956581115723 0.025548044592142105 0.09840766340494156
0 0.2540958523750305 0.5796317458152771 0.021912287920713425 0.0901641845703125
0 0.7427197694778442 0.6923024654388428 0.02271861955523491 0.09776950627565384
0 0.4282003939151764 0.5105079412460327 0.020663738250732422 0.08296099305152893
0 0.13276605308055878 0.40639084577560425 0.025195598602294922 0.07064183801412582
0 0.6346683502197266 0.5660263895988464 0.024082502350211143 0.08472425490617752
0 0.1731242537498474 0.5624649524688721 0.0184103325009346 0.08133290708065033
0 0.31031137704849243 0.43004751205444336 0.0337270088493824 0.07681342214345932
0 0.31727632880210876 0.42583736777305603 0.01813220977783203 0.06596492975950241
0 0.34252601861953735 0.5889608263969421 0.01819813996553421 0.09252488613128662
