0 0.5359090566635132 0.5541887283325195 0.02118012122809887 0.10542834550142288
0 0.2992294132709503 0.8428660035133362 0.025209935382008553 0.13225571811199188
0 0.0897565558552742 0.4945107400417328 0.042683195322752 0.09899961948394775
0 0.6051784753799438 0.6874614357948303 0.035272978246212006 0.10492943972349167
0 0.16280119121074677 0.6926073431968689 0.02743520773947239 0.11798027902841568
0 0.05829458311200142 0.6443397998809814 0.028796423226594925 0.11688961088657379
0 0.3629104793071747 0.4880220293998718 0.020603053271770477 0.09643113613128662
0 0.2606414258480072 0.5480823516845703 0.030138682574033737 0.1075303852558136
0 0.6958665251731873 0.6360620260238647 0.03543148189783096 0.10651686042547226
0 0.2584485113620758 0.5462504029273987 0.02035730704665184 0.10579613596200943
0 0.6967678070068359 0.6263430118560791 0.023812294006347656 0.08876495063304901
0 0.5882222056388855 0.596603274345398 0.02462717704474926 0.09978123754262924
0 0.597558319568634 0.5786246657371521 0.02148914337158203 0.11765916645526886
0 0.4826775789260864 0.5604225993156433 0.027688980102539062 0.06508144736289978
0 0.03948713839054108 0.5763891339302063 0.023457253351807594 0.10564851760864258
0 0.5985130667686462 0.5423866510391235 0.018690109252929688 0.04922332614660263
0 0.5918293595314026 0.5912853479385376 0.028383255004882812 0.10389845073223114
0 0.4392678141593933 0.5654134154319763 0.0330074317753315 0.03813612088561058
