0 0.8023966550827026 0.45596081018447876 0.027680207043886185 0.11323510855436325
0 0.8207332491874695 0.6163782477378845 0.03849601745605469 0.09788902848958969
0 0.45034074783325195 0.6757991313934326 0.033585358411073685 0.08359335362911224
0 0.8848697543144226 0.5900377035140991 0.024100875481963158 0.0963040366768837
0 0.2771586775779724 0.49455779790878296 0.024090560153126717 0.08465576171875
0 0.17639075219631195 0.46824946999549866 0.027153873816132545 0.07150257378816605
0 0.16793979704380035 0.7505906820297241 0.024810170754790306 0.10754411667585373
0 0.5673753619194031 0.47172126173973083 0.021221160888671875 0.07125452905893326
0 0.21905526518821716 0.5820024013519287 0.029552936553955078 0.07539927214384079
0 0.6005527377128601 0.48995348811149597 0.025806427001953125 0.11258372664451599
0 0.4024266302585602 0.49062687158584595 0.03217353671789169 0.10611552745103836
0 0.6662029027938843 0.390452116727829 0.025704002007842064 0.07246458530426025
0 0.2111808806657791 0.44787147641181946 0.024372434243559837 0.07339359074831009
0 0.5976089239120483 0.49662813544273376 0.01767425611615181 0.09902781993150711
0 0.209158256649971 0.4431513547897339 0.019309472292661667 0.0634872168302536
0 0.6258900165557861 0.3850732445716858 0.021619033068418503 0.0637071430683136
0 0.5914496779441833 0.34442439675331116 0.0206934604793787 0.05270504578948021
0 0.4003203213214874 0.4806859791278839 0.025929292663931847 0.08809108287096024
0 0.40425795316696167 0.5043421387672424 0.03452863544225693 0.08071574568748474
0 0.4492565989494324 0.6644816994667053 0.02727794647216797 0.06065317615866661
