0 0.7762840390205383 0.6143755316734314 0.04247321933507919 0.11335336416959763
0 0.9417486786842346 0.5495530962944031 0.04183464124798775 0.10514374077320099
0 0.30172187089920044 0.4700244665145874 0.02376689948141575 0.09460398554801941
0 0.442434698343277 0.5301992893218994 0.021467018872499466 0.09861602634191513
0 0.6969137787818909 0.5187699198722839 0.021294530481100082 0.10839793086051941
0 0.6623741388320923 0.4147753417491913 0.023481369018554688 0.09384341537952423
0 0.1329067200422287 0.3794368505477905 0.01824316196143627 0.09147024899721146
0 0.6351470351219177 0.4983922839164734 0.024327341467142105 0.10361378639936447
0 0.19938525557518005 0.4844980835914612 0.02735881879925728 0.09320107847452164
0 0.7757741212844849 0.4665883481502533 0.03626956790685654 0.11561937630176544
0 0.5177094340324402 0.4947604835033417 0.03294674679636955 0.09924127161502838
0 0.49448174238204956 0.326474666595459 0.018585205078125 0.07192043960094452
0 0.5580100417137146 0.42560872435569763 0.016698073595762253 0.09109827876091003
0 0.5830937623977661 0.628095269203186 0.027951685711741447 0.10598868131637573
0 0.5795125365257263 0.6266080737113953 0.019403647631406784 0.10215708613395691
0 0.3680175244808197 0.2766960859298706 0.01465826015919447 0.0712314173579216
0 0.32018834352493286 0.3832321763038635 0.02005033567547798 0.06877229362726212
0 0.7767835259437561 0.4625222086906433 0.02722949907183647 0.10943447798490524
0 0.3236130475997925 0.377645879983902 0.019071483984589577 0.06611141562461853
0 0.6350919604301453 0.4982043206691742 0.01724548265337944 0.10072538256645203
