0 0.8042510747909546 0.47621023654937744 0.017452621832489967 0.08543460816144943
0 0.23126211762428284 0.47010013461112976 0.014712142758071423 0.07718469202518463
0 0.28376439213752747 0.5847529172897339 0.031644631177186966 0.08609618991613388
0 0.9343835115432739 0.636918842792511 0.01917858049273491 0.10476040095090866
0 0.39402446150779724 0.5136778950691223 0.022436141967773438 0.0778857171535492
0 0.4627498686313629 0.6414121389389038 0.028636837378144264 0.09626860171556473
0 0.25784215331077576 0.4863104820251465 0.017848968505859375 0.08224891126155853
0 0.7688165903091431 0.4245346784591675 0.016666030511260033 0.06821814924478531
0 0.574707567691803 0.5193943977355957 0.015197562985122204 0.08495771884918213
0 0.6898148059844971 0.6163743734359741 0.02493438683450222 0.09489508718252182
0 0.04178302362561226 0.4944239854812622 0.02002309449017048 0.07981598377227783
0 0.6825369596481323 0.47861164808273315 0.01756356470286846 0.07036570459604263
0 0.6750957369804382 0.4432702660560608 0.03304170072078705 0.1366441249847412
0 0.6511874794960022 0.4308578073978424 0.017519505694508553 0.06386473029851913
0 0.4689566195011139 0.4258430600166321 0.020314311608672142 0.0538838692009449
0 0.012777650728821754 0.6379364132881165 0.02555530145764351 0.09128265082836151
0 0.3135283291339874 0.4067566692829132 0.021236706525087357 0.06801927089691162
0 0.4599798917770386 0.6398564577102661 0.02033414877951145 0.09546779841184616
