0 0.5741388201713562 0.5826378464698792 0.019858170300722122 0.09781838953495026
0 0.6876632571220398 0.5210085511207581 0.017507171258330345 0.08659210056066513
0 0.6933357119560242 0.8686276078224182 0.03117847442626953 0.13251851499080658
0 0.7928773164749146 0.5337409973144531 0.02676868438720703 0.07761863619089127
0 0.8974633812904358 0.5265100598335266 0.023464392870664597 0.09056989848613739
0 0.3871311843395233 0.6974165439605713 0.04032735899090767 0.0862603634595871
0 0.4168301522731781 0.6660590171813965 0.022673416882753372 0.07825198769569397
0 0.907580554485321 0.39401212334632874 0.02558288536965847 0.06902618706226349
0 0.9898461103439331 0.6568949222564697 0.019603347405791283 0.09201032668352127
0 0.3929121196269989 0.6959409117698669 0.027175139635801315 0.08487871289253235
0 0.9548047780990601 0.6639569401741028 0.02096862718462944 0.09564191848039627
0 0.7710461020469666 0.4394018352031708 0.015634918585419655 0.07573021948337555
0 0.9542625546455383 0.6543800830841064 0.017615508288145065 0.08759415149688721
0 0.5169979333877563 0.3870542645454407 0.02284088172018528 0.05384877696633339
