0 0.791178286075592 0.682852029800415 0.02859598770737648 0.13828599452972412
0 0.3466489017009735 0.6373668313026428 0.02860717847943306 0.11672956496477127
0 0.23598308861255646 0.713320791721344 0.043648578226566315 0.11710561066865921
0 0.7390469312667847 0.41133710741996765 0.028686268255114555 0.11202681064605713
0 0.6868615746498108 0.4439448416233063 0.03332691267132759 0.09952974319458008
0 0.8198164105415344 0.3767169415950775 0.02728271484375 0.09558766335248947
0 0.5939953327178955 0.45536017417907715 0.02923126146197319 0.10393134504556656
0 0.6825360059738159 0.569614052772522 0.03754234313964844 0.10840556025505066
0 0.6262549757957458 0.5873118042945862 0.04916699603199959 0.10669165849685669
0 0.6322363615036011 0.49033117294311523 0.032110024243593216 0.11105801910161972
0 0.5734195709228516 0.5542152523994446 0.037413597106933594 0.10948740690946579
0 0.2818189561367035 0.42984482645988464 0.02912861481308937 0.06831063330173492
0 0.5655332803726196 0.5559386014938354 0.024920273572206497 0.1115587055683136
0 0.6788667440414429 0.5581779479980469 0.03112335130572319 0.12636493146419525
0 0.6884697079658508 0.5642514824867249 0.022841643542051315 0.10793101042509079
