0 0.2512529492378235 0.7805649042129517 0.023129653185606003 0.14278869330883026
0 0.05050786957144737 0.747144341468811 0.024302268400788307 0.14033988118171692
0 0.5196934938430786 0.5240862369537354 0.024422645568847656 0.20794904232025146
0 0.1225527748465538 0.5426669716835022 0.01880025863647461 0.10983824729919434
0 0.1614956259727478 0.6659008860588074 0.0356893390417099 0.1093471422791481
0 0.10376282036304474 0.4301997721195221 0.023195989429950714 0.09785003960132599
0 0.35928255319595337 0.5159608721733093 0.018998336046934128 0.10813714563846588
0 0.6461970210075378 0.5160236358642578 0.021854210644960403 0.11086443066596985
0 0.2957827150821686 0.4491669535636902 0.02035512961447239 0.09528385102748871
0 0.286625474691391 0.5454902052879333 0.02300434187054634 0.09648895263671875
0 0.2770923972129822 0.44832852482795715 0.019646644592285156 0.07545748353004456
0 0.3048073947429657 0.596656084060669 0.02030191384255886 0.10651601105928421
0 0.007632343098521233 0.5481770634651184 0.015134583227336407 0.116942398250103
0 0.7191089391708374 0.4596518576145172 0.021186383441090584 0.05473002791404724
