0 0.9105015993118286 0.8405265212059021 0.042070578783750534 0.1184607595205307
0 0.4646114408969879 0.4063223898410797 0.02994709089398384 0.07833676040172577
0 0.5935333371162415 0.46326231956481934 0.03457050397992134 0.07624350488185883
0 0.7813053727149963 0.6641042232513428 0.03667755052447319 0.09638502448797226
0 0.22939163446426392 0.6839522123336792 0.025219058617949486 0.0976308211684227
0 0.49377211928367615 0.5489134192466736 0.03268318250775337 0.07269185036420822
0 0.3866617977619171 0.5426884293556213 0.02144724503159523 0.07455020397901535
0 0.04320813715457916 0.47546133399009705 0.022381316870450974 0.07926059514284134
0 0.5183656811714172 0.45313552021980286 0.01941661909222603 0.06009894609451294
0 0.2454742044210434 0.4248126447200775 0.02030320093035698 0.06707051396369934
0 0.1462116241455078 0.49316784739494324 0.032692424952983856 0.072938933968544
0 0.7865580320358276 0.6622012257575989 0.026425806805491447 0.091032013297081
0 0.29032427072525024 0.32720693945884705 0.01792122609913349 0.05838317796587944
