0 0.05448829010128975 0.5609993934631348 0.02592780627310276 0.10172966867685318
0 0.7351804971694946 0.6493702530860901 0.044551849365234375 0.11311995983123779
0 0.9729433059692383 0.5745854377746582 0.03612937778234482 0.10631323605775833
0 0.8411324620246887 0.49087783694267273 0.018858527764678 0.11098155379295349
0 0.222809836268425 0.4818738102912903 0.026247691363096237 0.10347320884466171
0 0.7674813866615295 0.5335756540298462 0.019869422540068626 0.1120522990822792
0 0.5272733569145203 0.5084006190299988 0.022160785272717476 0.09809231013059616
0 0.8823462128639221 0.4848129153251648 0.037099458277225494 0.10477207601070404
0 0.6150829195976257 0.6383293867111206 0.02351462095975876 0.11042124778032303
0 0.26346561312675476 0.4086242616176605 0.03306177631020546 0.07703331857919693
0 0.4206719398498535 0.45037922263145447 0.021200180053710938 0.10095983743667603
0 0.5281344056129456 0.32046130299568176 0.021146487444639206 0.10079172998666763
0 0.6285203695297241 0.4464530050754547 0.02142028883099556 0.09391798824071884
0 0.31838998198509216 0.4128866493701935 0.0280609130859375 0.09392513334751129
0 0.7227859497070312 0.430910587310791 0.024107551202178 0.10705328732728958
0 0.7266363501548767 0.5278353095054626 0.022452926263213158 0.09859398752450943
0 0.21646428108215332 0.39026007056236267 0.025740528479218483 0.09373270720243454
0 0.6695589423179626 0.48379427194595337 0.0232086181640625 0.06768883764743805
0 0.674707293510437 0.5042637586593628 0.04553133621811867 0.10281521826982498
0 0.4107343554496765 0.290153443813324 0.017909813672304153 0.07390043139457703
