0 0.4133560061454773 0.932827889919281 0.03474006801843643 0.13434430956840515
0 0.5414657592773438 0.38648825883865356 0.023272227495908737 0.08000759780406952
0 0.4588947296142578 0.6632946729660034 0.024301623925566673 0.11671549826860428
0 0.2326209545135498 0.6423872709274292 0.03180856630206108 0.11317850649356842
0 0.36173945665359497 0.5767190456390381 0.020855139940977097 0.1055518239736557
0 0.820277214050293 0.6402004957199097 0.03099365159869194 0.11886998265981674
0 0.29684221744537354 0.4957030117511749 0.029298782348632812 0.10378604382276535
0 0.8170563578605652 0.4947165548801422 0.03456687927246094 0.10816480964422226
0 0.1972227394580841 0.5243328809738159 0.019875574856996536 0.0983651652932167
0 0.8505275845527649 0.4155379831790924 0.029733657836914062 0.0973479375243187
0 0.09131665527820587 0.38155654072761536 0.022127049043774605 0.09240790456533432
0 0.36999034881591797 0.328061580657959 0.01937182806432247 0.08503833413124084
0 0.47859781980514526 0.5557284951210022 0.023810576647520065 0.10387912392616272
0 0.18016822636127472 0.23900344967842102 0.016080284491181374 0.06844938546419144
0 0.1380576342344284 0.2985151410102844 0.020210353657603264 0.07825043052434921
0 0.6842626333236694 0.4854569137096405 0.01704711839556694 0.09847672283649445
