0 0.1691368669271469 0.7183618545532227 0.02593994140625 0.12999725341796875
0 0.26444903016090393 0.9291725158691406 0.03138645365834236 0.14165496826171875
0 0.48495399951934814 0.5624517202377319 0.029018878936767578 0.12521837651729584
0 0.06394368410110474 0.5558825731277466 0.022304033860564232 0.1101669892668724
0 0.5876463651657104 0.7064729928970337 0.026189040392637253 0.12736663222312927
0 0.18573640286922455 0.4782997965812683 0.020836878567934036 0.09656114876270294
0 0.2837415933609009 0.5765115022659302 0.028417523950338364 0.11713799089193344
0 0.5989336371421814 0.5465037226676941 0.02624785155057907 0.12947732210159302
0 0.32170867919921875 0.46529683470726013 0.019545841962099075 0.06610918045043945
0 0.674447774887085 0.6059839129447937 0.025638770312070847 0.11414670944213867
0 0.443361759185791 0.5977146625518799 0.026169776916503906 0.04422861710190773
0 0.6507720947265625 0.6266840100288391 0.020133208483457565 0.11695505678653717
