0 0.31197214126586914 0.7831690907478333 0.03565559536218643 0.1164465993642807
0 0.7673395872116089 0.7999584078788757 0.030590884387493134 0.12107221782207489
0 0.44745969772338867 0.6710498332977295 0.03436698764562607 0.10760633647441864
0 0.902993381023407 0.48023363947868347 0.021171187981963158 0.09145878255367279
0 0.7898780703544617 0.4706801772117615 0.03001098707318306 0.07963576167821884
0 0.712010383605957 0.5936532616615295 0.03967628628015518 0.09928413480520248
0 0.6752544045448303 0.5077207684516907 0.01923065260052681 0.09217509627342224
0 0.7471403479576111 0.37812814116477966 0.016846274957060814 0.06570536643266678
0 0.3119700849056244 0.3047362267971039 0.016353989019989967 0.062064360827207565
0 0.8903732895851135 0.29382261633872986 0.022686386480927467 0.06615250557661057
0 0.7863720059394836 0.4673135280609131 0.019538115710020065 0.07351851463317871
0 0.31473395228385925 0.30614590644836426 0.023124122992157936 0.06514161080121994
