0 0.9158803820610046 0.4603041112422943 0.02309265173971653 0.11273549497127533
0 0.6248952150344849 0.482145756483078 0.020913632586598396 0.11301097273826599
0 0.8224163055419922 0.6822546124458313 0.03877296298742294 0.13654175400733948
0 0.7706947326660156 0.4587858021259308 0.02323996275663376 0.11209993809461594
0 0.6694517731666565 0.6090249419212341 0.028066063299775124 0.11546850949525833
0 0.70061194896698 0.5310385823249817 0.031151581555604935 0.1137203648686409
0 0.7288965582847595 0.40960732102394104 0.02609183080494404 0.1051463633775711
0 0.40014180541038513 0.7132861018180847 0.0542386993765831 0.10737863928079605
0 0.5630428194999695 0.4370311498641968 0.025234032422304153 0.10975918173789978
0 0.48350346088409424 0.5143609046936035 0.05364513397216797 0.1182916983962059
0 0.4706457257270813 0.5118634104728699 0.028966903686523438 0.1164853423833847
