0 0.9012630581855774 0.7654212117195129 0.02400054968893528 0.13258090615272522
0 0.41985568404197693 0.8855283856391907 0.03867683559656143 0.14603102207183838
0 0.3891424834728241 0.5428850650787354 0.027223682031035423 0.09510848671197891
0 0.21369309723377228 0.5721070170402527 0.029997825622558594 0.11112219095230103
0 0.35807672142982483 0.42392536997795105 0.022090911865234375 0.0794169083237648
0 0.6174618005752563 0.45123448967933655 0.017903709784150124 0.09463904798030853
0 0.562353789806366 0.5087066888809204 0.029256056994199753 0.0901578813791275
0 0.5630964636802673 0.4258144795894623 0.02134075202047825 0.0810566395521164
0 0.773950457572937 0.6022222638130188 0.024918556213378906 0.11159718781709671
0 0.42074814438819885 0.4870467483997345 0.025493811815977097 0.07298024743795395
0 0.21395739912986755 0.492523193359375 0.024497127160429955 0.11761844903230667
0 0.44926396012306213 0.42001697421073914 0.026076698675751686 0.07971242070198059
0 0.21515649557113647 0.5299562811851501 0.02680802345275879 0.19528093934059143
