0 0.5230617523193359 0.5852914452552795 0.019533539190888405 0.10159160196781158
0 0.3895621597766876 0.6196465492248535 0.029536914080381393 0.10577595978975296
0 0.7438156008720398 0.6315519213676453 0.022445106878876686 0.09889204055070877
0 0.7074257731437683 0.4815250635147095 0.023910904303193092 0.10071611404418945
0 0.8680817484855652 0.4955798089504242 0.021259307861328125 0.09800606966018677
0 0.435321182012558 0.5595583319664001 0.030444050207734108 0.11817152053117752
0 0.6426613926887512 0.36667752265930176 0.015868186950683594 0.08473951369524002
0 0.7409546971321106 0.42041444778442383 0.027734946459531784 0.0963425561785698
0 0.5501995086669922 0.5478601455688477 0.026064682751893997 0.08884740620851517
0 0.6239919066429138 0.3655528724193573 0.02127361297607422 0.08366750180721283
0 0.4099365770816803 0.41963931918144226 0.020984109491109848 0.08548346906900406
0 0.47962653636932373 0.2978472113609314 0.020665645599365234 0.07859794050455093
0 0.4584166407585144 0.4411739706993103 0.020540619269013405 0.08704520016908646
0 0.9659502506256104 0.3254803717136383 0.019837761297822 0.10231257975101471
0 0.3857637643814087 0.28191420435905457 0.014576721005141735 0.07564027607440948
0 0.19257155060768127 0.4120542109012604 0.03337826579809189 0.16940011084079742
0 0.19734767079353333 0.4488358795642853 0.019448883831501007 0.08856494724750519
0 0.4335155785083771 0.552873969078064 0.023087119683623314 0.10434316098690033
0 0.9674358367919922 0.32225024700164795 0.027071762830018997 0.10822135210037231
