0 0.33107027411460876 0.7502129673957825 0.027580324560403824 0.12267286330461502
0 0.5625919699668884 0.4856092631816864 0.025213750079274178 0.10172560065984726
0 0.838108479976654 0.5698780417442322 0.023864364251494408 0.12073160707950592
0 0.7363450527191162 0.7018212676048279 0.02729880064725876 0.13010287284851074
0 0.6793731451034546 0.5561819076538086 0.022725995630025864 0.11222635954618454
0 0.5070526599884033 0.5268815755844116 0.02103710174560547 0.09311992675065994
0 0.8374723196029663 0.35175415873527527 0.018541717901825905 0.09287939965724945
0 0.680733859539032 0.4103665053844452 0.021912002936005592 0.09153544157743454
0 0.6540482640266418 0.6114665865898132 0.01866779290139675 0.11917594820261002
0 0.5016037821769714 0.6170601844787598 0.025287438184022903 0.09237128496170044
0 0.7209386825561523 0.37331271171569824 0.02574462816119194 0.08593784272670746
0 0.48037585616111755 0.592619776725769 0.021515751257538795 0.08833335340023041
0 0.48121654987335205 0.6056963801383972 0.027455806732177734 0.11535152792930603
