0 0.45063599944114685 0.7035418748855591 0.021731948480010033 0.11502295732498169
0 0.4266231954097748 0.7202816605567932 0.02469043806195259 0.10839538276195526
0 0.861319363117218 0.5797365307807922 0.026169395074248314 0.10279320925474167
0 0.5365244746208191 0.5094135999679565 0.01881885528564453 0.0862075537443161
0 0.8847602605819702 0.8468535542488098 0.024435043334960938 0.13152076303958893
0 0.5751572847366333 0.5904734134674072 0.026323508471250534 0.09877403825521469
0 0.19943024218082428 0.442404568195343 0.024566983804106712 0.08292097598314285
0 0.8946930170059204 0.6569491624832153 0.023622894659638405 0.11170168220996857
0 0.1573067605495453 0.5113462805747986 0.023146916180849075 0.09514431655406952
0 0.9182479977607727 0.6223785281181335 0.02052326127886772 0.10490790754556656
0 0.8294517397880554 0.5369519591331482 0.020208358764648438 0.09450355917215347
0 0.054056230932474136 0.8864452838897705 0.04874449968338013 0.14165887236595154
0 0.47907763719558716 0.4881865382194519 0.017667580395936966 0.08150855451822281
0 0.7905445694923401 0.7808380126953125 0.01867980882525444 0.12529364228248596
0 0.7849529385566711 0.779810905456543 0.03116893768310547 0.12839508056640625
0 0.5251639485359192 0.4115912616252899 0.023537635803222656 0.06486816704273224
0 0.34097805619239807 0.4336233139038086 0.021413516253232956 0.07307188212871552
0 0.9951440095901489 0.7878559231758118 0.008885383605957031 0.12200877070426941
0 0.3334800899028778 0.3488059937953949 0.010985946282744408 0.03589358925819397
0 0.9924527406692505 0.787941575050354 0.014473152346909046 0.12663963437080383
