0 0.3334123492240906 0.7348907589912415 0.03321666643023491 0.11348859965801239
0 0.8020306825637817 0.42862236499786377 0.027356911450624466 0.08592613786458969
0 0.3496685028076172 0.5671491622924805 0.0283883735537529 0.10507100075483322
0 0.8185930252075195 0.33325549960136414 0.01818237267434597 0.0732269287109375
0 0.540178656578064 0.3674654960632324 0.0216439887881279 0.07191569358110428
0 0.726373016834259 0.3249571919441223 0.0233790073543787 0.06796976923942566
0 0.7599837183952332 0.49620169401168823 0.03536796569824219 0.1354256570339203
0 0.8923037052154541 0.22642135620117188 0.021683692932128906 0.06748097389936447
0 0.7608466744422913 0.5230017304420471 0.03684132918715477 0.08009699732065201
0 0.8197124600410461 0.25578781962394714 0.017784500494599342 0.05382910743355751
0 0.7573391199111938 0.4657990038394928 0.02513001672923565 0.08743656426668167
