0 0.31442686915397644 0.6011511087417603 0.021556949242949486 0.09051423519849777
0 0.49770060181617737 0.6571769714355469 0.030308913439512253 0.0926414206624031
0 0.7271148562431335 0.6421160697937012 0.02480335161089897 0.09868932515382767
0 0.320474237203598 0.49519285559654236 0.022476673126220703 0.07471480220556259
0 0.4205171465873718 0.5435824990272522 0.02112865447998047 0.08360578864812851
0 0.8947731256484985 0.42502933740615845 0.01735839806497097 0.07463395595550537
0 0.7655044198036194 0.49010705947875977 0.017240650951862335 0.07326029986143112
0 0.533444344997406 0.4218047261238098 0.015859413892030716 0.06653374433517456
0 0.6395189762115479 0.527603805065155 0.02435627020895481 0.07331865280866623
0 0.08340423554182053 0.5185841917991638 0.02170429192483425 0.0871717631816864
0 0.3405267000198364 0.474869966506958 0.017168331891298294 0.06381700187921524
0 0.7462565302848816 0.41194266080856323 0.015768686309456825 0.06449881941080093
0 0.636102557182312 0.5273070335388184 0.018180083483457565 0.06980347633361816
0 0.4056629538536072 0.40728896856307983 0.022446442395448685 0.07111714780330658
0 0.9105879068374634 0.48718181252479553 0.020025253295898438 0.08336415886878967
0 0.6965300440788269 0.4265564978122711 0.018543243408203125 0.05967152863740921
0 0.723659873008728 0.631831705570221 0.01807435415685177 0.07879164069890976
