0 0.7361779808998108 0.5274354219436646 0.029203351587057114 0.08576405793428421
0 0.05295095592737198 0.7690051794052124 0.035225316882133484 0.13351304829120636
0 0.19844020903110504 0.719961404800415 0.03307633474469185 0.11183743178844452
0 0.29225343465805054 0.5294433832168579 0.03063090704381466 0.09771151840686798
0 0.6242765188217163 0.49379363656044006 0.026002883911132812 0.07871381938457489
0 0.9249774813652039 0.7128049731254578 0.03447837755084038 0.10988752543926239
0 0.90142422914505 0.792088508605957 0.045630645006895065 0.11620313674211502
0 0.5457145571708679 0.5504733920097351 0.030942440032958984 0.08942487090826035
0 0.15731041133403778 0.5311415195465088 0.0212738998234272 0.09823201596736908
0 0.4266657829284668 0.46859508752822876 0.029313277453184128 0.07816057652235031
0 0.5155651569366455 0.5093913674354553 0.023578548803925514 0.09438391774892807
0 0.7087274193763733 0.3970983624458313 0.027464866638183594 0.07709452509880066
0 0.6598427891731262 0.49641719460487366 0.03271465376019478 0.07675159722566605
0 0.8399233222007751 0.5068053007125854 0.02007274702191353 0.08893667161464691
0 0.2989303469657898 0.3956978917121887 0.019076252356171608 0.07990553230047226
0 0.5238045454025269 0.29657989740371704 0.022131698206067085 0.06580381095409393
