0 0.2557196319103241 0.49520671367645264 0.045538075268268585 0.09491625428199768
0 0.3224877417087555 0.41617533564567566 0.030309105291962624 0.09656151384115219
0 0.09007357060909271 0.5562822818756104 0.02561471424996853 0.0980902761220932
0 0.707510232925415 0.6589563488960266 0.04173622280359268 0.11784379929304123
0 0.5646393299102783 0.500025749206543 0.01928609237074852 0.09659666568040848
0 0.6207956671714783 0.6455971598625183 0.023740196600556374 0.11270345002412796
0 0.8733171820640564 0.5003820061683655 0.018712425604462624 0.11225473135709763
0 0.6612493991851807 0.45685020089149475 0.02631073072552681 0.09941208362579346
0 0.48000651597976685 0.4436609447002411 0.02256183698773384 0.08747939765453339
0 0.8028822541236877 0.541676938533783 0.02048187330365181 0.11040462553501129
0 0.5400115847587585 0.3380001485347748 0.02137085609138012 0.07980652153491974
0 0.9316749572753906 0.49793627858161926 0.020809173583984375 0.10872633010149002
0 0.7657940983772278 0.54146808385849 0.021605109795928 0.11004316806793213
0 0.7424747347831726 0.4339788258075714 0.02292022667825222 0.09570304304361343
0 0.4332929849624634 0.29961633682250977 0.014968681149184704 0.06873253732919693
0 0.24233576655387878 0.3996797204017639 0.045655108988285065 0.10146933794021606
0 0.7440077662467957 0.5186032056808472 0.03509235382080078 0.11237029731273651
0 0.9947498440742493 0.5745440721511841 0.009661102667450905 0.11861996352672577
0 0.7564123868942261 0.539413571357727 0.0402679443359375 0.11391313374042511
0 0.5577138662338257 0.2789557874202728 0.01531066931784153 0.03460337221622467
