0 0.0624995119869709 0.6489287614822388 0.030922245234251022 0.11367164552211761
0 0.6017200350761414 0.6820970177650452 0.022736359387636185 0.10803341120481491
0 0.6692293286323547 0.6516265273094177 0.03134956210851669 0.1072487160563469
0 0.16582317650318146 0.6779570579528809 0.019968558102846146 0.11310933530330658
0 0.3765317499637604 0.5162115693092346 0.025785446166992188 0.09442161023616791
0 0.027840631082654 0.5841946005821228 0.024022052064538002 0.09845292568206787
0 0.480142205953598 0.5584188103675842 0.01786174811422825 0.09635467827320099
0 0.5543369054794312 0.5879334807395935 0.022359276190400124 0.09534019231796265
0 0.5685963034629822 0.5591981410980225 0.018839264288544655 0.07923312485218048
0 0.03889011591672897 0.4870001971721649 0.029099881649017334 0.09608235955238342
0 0.5703046321868896 0.5493329167366028 0.018238257616758347 0.06375528872013092
0 0.24929167330265045 0.5353940725326538 0.021658848971128464 0.09697961062192917
0 0.32059046626091003 0.8033856153488159 0.047855474054813385 0.12162492424249649
0 0.49772101640701294 0.5429569482803345 0.018424224108457565 0.059432756155729294
0 0.3262070417404175 0.8042631149291992 0.03102903440594673 0.11788059026002884
0 0.4558687210083008 0.5549254417419434 0.02786579169332981 0.03927832841873169
