0 0.962527871131897 0.43856680393218994 0.026696395128965378 0.11431033909320831
0 0.8218683004379272 0.4371120035648346 0.021337509155273438 0.11434411257505417
0 0.6671310663223267 0.46169593930244446 0.02325255051255226 0.11115909367799759
0 0.7325925230979919 0.5074480772018433 0.022718239575624466 0.11551929265260696
0 0.4034082293510437 0.6914165616035461 0.04448528215289116 0.11153773218393326
0 0.8450040817260742 0.6571111083030701 0.02407379075884819 0.13333706557750702
0 0.6883413195610046 0.5864909887313843 0.024385834112763405 0.11289960891008377
0 0.7642409205436707 0.37822315096855164 0.024924341589212418 0.10884755104780197
0 0.5015023946762085 0.49750015139579773 0.022921180352568626 0.10986392945051193
0 0.6149454712867737 0.41663724184036255 0.019741566851735115 0.10309736430644989
