0 0.30815213918685913 0.9333786368370056 0.03412707522511482 0.1332426220178604
0 0.3054523468017578 0.6307574510574341 0.03045978583395481 0.118803009390831
0 0.013633820228278637 0.6490694880485535 0.027267640456557274 0.12014307081699371
0 0.5976852774620056 0.4619522988796234 0.025022506713867188 0.09765336662530899
0 0.0880904421210289 0.28463032841682434 0.020163487643003464 0.08603252470493317
0 0.14249473810195923 0.5080351233482361 0.02205061912536621 0.10133545845746994
0 0.557847797870636 0.660029411315918 0.03484763950109482 0.1176740825176239
0 0.8502103686332703 0.46127834916114807 0.024249648675322533 0.10581043362617493
0 0.28335678577423096 0.4929928183555603 0.018057536333799362 0.10476498305797577
0 0.8075352907180786 0.6225063800811768 0.03457724303007126 0.10820182412862778
0 0.46698614954948425 0.5791422128677368 0.05018968507647514 0.0644177496433258
0 0.6890786290168762 0.358882874250412 0.02212352678179741 0.0905916839838028
0 0.3842620849609375 0.35860008001327515 0.016656875610351562 0.08258963376283646
0 0.3207758367061615 0.28029486536979675 0.019541358575224876 0.0767667144536972
0 0.10074541717767715 0.20646460354328156 0.01709885522723198 0.06717486679553986
0 0.008114665746688843 0.370036244392395 0.016229331493377686 0.09416843205690384
