0 0.22111886739730835 0.9011169672012329 0.041167307645082474 0.1306118369102478
0 0.5920820832252502 0.5265982151031494 0.02667204476892948 0.09157426655292511
0 0.6578341126441956 0.4875001609325409 0.02013530768454075 0.0912192165851593
0 0.9646297693252563 0.5902873873710632 0.025754164904356003 0.09542389214038849
0 0.8702865839004517 0.4602440893650055 0.02796630933880806 0.07507465779781342
0 0.6869338750839233 0.5938416719436646 0.038431230932474136 0.08514302223920822
0 0.2277231216430664 0.641884446144104 0.028909016400575638 0.10470937192440033
0 0.5718528628349304 0.4051153361797333 0.018854904919862747 0.07055766135454178
0 0.36742261052131653 0.4355449676513672 0.023845767602324486 0.0708722397685051
0 0.8238021731376648 0.3311470150947571 0.021266937255859375 0.06003333255648613
0 0.7096501588821411 0.3182777762413025 0.019504737108945847 0.05717383325099945
