0 0.6018038392066956 0.6794799566268921 0.022221947088837624 0.11007826030254364
0 0.6808193922042847 0.6425673961639404 0.033078383654356 0.10988345742225647
0 0.05852353572845459 0.6465144753456116 0.0270139891654253 0.11325672268867493
0 0.162919282913208 0.6829950213432312 0.023558521643280983 0.11155683547258377
0 0.37072232365608215 0.49899715185165405 0.020355351269245148 0.08706190437078476
0 0.2536635994911194 0.5400756597518921 0.023096751421689987 0.1051907017827034
0 0.3032926023006439 0.8119316101074219 0.039609719067811966 0.12337205559015274
0 0.3108556866645813 0.8127370476722717 0.02164936065673828 0.11965417116880417
0 0.571862518787384 0.5863437652587891 0.025533104315400124 0.09042120724916458
0 0.4859795570373535 0.5491601228713989 0.01867828331887722 0.06037428230047226
0 0.03250831738114357 0.5739849805831909 0.017974141985177994 0.08836223185062408
0 0.5067346096038818 0.5620918273925781 0.018537139520049095 0.09821811318397522
0 0.4441677927970886 0.5554511547088623 0.021329307928681374 0.04127705842256546
0 0.055417250841856 0.49049514532089233 0.035439301282167435 0.09450412541627884
0 0.05971230939030647 0.4910353422164917 0.025123698636889458 0.09324032813310623
0 0.581039547920227 0.5421557426452637 0.01986064948141575 0.0658646747469902
0 0.5805898308753967 0.554295003414154 0.017912546172738075 0.07835455983877182
