0 0.6039875149726868 0.48598405718803406 0.025554975494742393 0.08900807797908783
0 0.7580402493476868 0.44593381881713867 0.01726703718304634 0.0834842249751091
0 0.378251850605011 0.4938671588897705 0.018904685974121094 0.09476705640554428
0 0.026480428874492645 0.6012688875198364 0.027689259499311447 0.1020880788564682
0 0.7182815670967102 0.5226491093635559 0.02466583251953125 0.09385579079389572
0 0.32904478907585144 0.49713823199272156 0.020833492279052734 0.09497825056314468
0 0.8867549896240234 0.587432324886322 0.024141311645507812 0.10107235610485077
0 0.4176448881626129 0.41074100136756897 0.02085895463824272 0.07773572951555252
0 0.6214701533317566 0.6518341898918152 0.02003631554543972 0.10025973618030548
0 0.44348087906837463 0.6036338806152344 0.02312936820089817 0.10192447155714035
0 0.7974477410316467 0.46782588958740234 0.01978435553610325 0.08536272495985031
0 0.1804555505514145 0.3910907208919525 0.02236405946314335 0.08488286286592484
0 0.5421430468559265 0.3830398619174957 0.022824859246611595 0.06964416801929474
0 0.703843355178833 0.41275855898857117 0.01842040941119194 0.07816467434167862
0 0.5864737033843994 0.38265809416770935 0.01875743828713894 0.13674980401992798
0 0.7053600549697876 0.41604161262512207 0.01910635642707348 0.0960322916507721
0 0.4481221139431 0.5734233260154724 0.03101482428610325 0.16143052279949188
0 0.44584959745407104 0.513343095779419 0.02482147142291069 0.06822402030229568
0 0.5860851407051086 0.4198347330093384 0.014970207586884499 0.07269711047410965
0 0.9958614110946655 0.5480119585990906 0.0075469971634447575 0.06939850002527237
0 0.4480211138725281 0.5974871516227722 0.0322328582406044 0.11493580788373947
