0 0.9408925771713257 0.7070071697235107 0.024412918835878372 0.1262241005897522
0 0.6508673429489136 0.5184476375579834 0.02810039557516575 0.10857832431793213
0 0.49626120924949646 0.6424745321273804 0.05210532993078232 0.0994076207280159
0 0.8675082921981812 0.47151947021484375 0.02040405198931694 0.10906337946653366
0 0.4054274260997772 0.6492292881011963 0.039144355803728104 0.11999223381280899
0 0.36037731170654297 0.4636155962944031 0.030364990234375 0.10506012290716171
0 0.6922817826271057 0.24713875353336334 0.016692224889993668 0.07960598170757294
0 0.9146295189857483 0.38661858439445496 0.023859595879912376 0.08862847089767456
0 0.2244151532649994 0.5660303831100464 0.02982473373413086 0.0989464670419693
0 0.8231359720230103 0.5138365030288696 0.022685622796416283 0.10042975842952728
0 0.03251165896654129 0.3834252953529358 0.02134927362203598 0.09732894599437714
0 0.7061727046966553 0.535990834236145 0.033136941492557526 0.10553266853094101
0 0.434724897146225 0.3306950330734253 0.018403053283691406 0.08372590690851212
0 0.5846218466758728 0.41471344232559204 0.018564479425549507 0.0707869604229927
0 0.8477777242660522 0.32567599415779114 0.03793792799115181 0.0887603759765625
0 0.6997874975204468 0.5366822481155396 0.02025432512164116 0.10550927370786667
0 0.6497674584388733 0.40451186895370483 0.02473468706011772 0.08888736367225647
0 0.5868746638298035 0.4204533100128174 0.022634316235780716 0.08276078850030899
0 0.48758384585380554 0.6425421833992004 0.03434457629919052 0.10299767553806305
0 0.6133884787559509 0.21831171214580536 0.016126759350299835 0.06635253131389618
0 0.6455491185188293 0.39869943261146545 0.01783313788473606 0.07932484894990921
0 0.8425319790840149 0.30981218814849854 0.01839618757367134 0.06331363320350647
0 0.8375246524810791 0.3230817914009094 0.02154979668557644 0.08298060297966003
0 0.8416243195533752 0.3157629370689392 0.02667217329144478 0.07492153346538544
