0 0.8355354070663452 0.5697707533836365 0.022791290655732155 0.10091343522071838
0 0.8896859288215637 0.8349671959877014 0.02961711958050728 0.13275757431983948
0 0.5149296522140503 0.5053872466087341 0.01938333548605442 0.08793250471353531
0 0.1438007801771164 0.5086662173271179 0.02131456509232521 0.09589094668626785
0 0.42500564455986023 0.6972367167472839 0.021648311987519264 0.11363372951745987
0 0.8038831949234009 0.5315135717391968 0.022179031744599342 0.09587486833333969
0 0.9872587323188782 0.7666431069374084 0.024178314954042435 0.11992798000574112
0 0.05020611360669136 0.8810506463050842 0.03453567996621132 0.13985183835029602
0 0.8740472197532654 0.6524800658226013 0.03275318071246147 0.11332086473703384
0 0.751840353012085 0.7724226117134094 0.03652839735150337 0.12048475444316864
0 0.4602128267288208 0.4817635416984558 0.015077495947480202 0.08541327714920044
0 0.1819458156824112 0.44285282492637634 0.020764287561178207 0.08856368064880371
0 0.46761438250541687 0.36939164996147156 0.015580940060317516 0.07577955722808838
0 0.41155949234962463 0.7127309441566467 0.02793102338910103 0.09616834670305252
0 0.319541871547699 0.43034154176712036 0.015692710876464844 0.08622801303863525
0 0.5573791265487671 0.5853316783905029 0.01633981056511402 0.1003824844956398
0 0.5262592434883118 0.4141893684864044 0.01649017259478569 0.07343436032533646
0 0.30367782711982727 0.3498672544956207 0.01223459281027317 0.03149804100394249
0 0.371932715177536 0.3457307517528534 0.017557526007294655 0.057988230139017105
0 0.8929983377456665 0.6159266829490662 0.01969757117331028 0.09994760900735855
0 0.4208717346191406 0.703674852848053 0.028139304369688034 0.11231689155101776
0 0.7594658136367798 0.7711684703826904 0.022596169263124466 0.11971215158700943
0 0.18346087634563446 0.4512195289134979 0.02601192705333233 0.10598551481962204
