0 0.06748665124177933 0.5485055446624756 0.024506831541657448 0.11094959080219269
0 0.2889964282512665 0.5823298692703247 0.024088000878691673 0.12007486075162888
0 0.2524759769439697 0.9365861415863037 0.02559966966509819 0.1268276572227478
0 0.17664411664009094 0.7260017395019531 0.02791525609791279 0.1332177072763443
0 0.496429443359375 0.5709923505783081 0.019835662096738815 0.13242289423942566
0 0.2028665840625763 0.4715447425842285 0.019572114571928978 0.09934556484222412
0 0.5853162407875061 0.7144660949707031 0.02123241499066353 0.12901797890663147
0 0.659412145614624 0.6314298510551453 0.02222544327378273 0.11721812933683395
0 0.606140673160553 0.5521165728569031 0.022294998168945312 0.1275380402803421
0 0.31800752878189087 0.46204376220703125 0.022138182073831558 0.05609060078859329
0 0.4467867910861969 0.6018708348274231 0.025786017999053 0.05389862135052681
0 0.2704962193965912 0.3369665741920471 0.01965470239520073 0.0759207010269165
