0 0.417773574590683 0.48223361372947693 0.030892658978700638 0.1016571894288063
0 0.021169820800423622 0.5531633496284485 0.042339641600847244 0.11997205764055252
0 0.1489509791135788 0.38803237676620483 0.029441261664032936 0.08362019807100296
0 0.3956338167190552 0.6537469029426575 0.03509845584630966 0.12399862706661224
0 0.9292749166488647 0.5161977410316467 0.02743072435259819 0.10297831892967224
0 0.6293083429336548 0.4399105906486511 0.025411223992705345 0.08871567249298096
0 0.7859477996826172 0.2528441846370697 0.02002544328570366 0.07750734686851501
0 0.2610068917274475 0.5707244873046875 0.02390015870332718 0.09974314272403717
0 0.7644583582878113 0.5369741916656494 0.029211871325969696 0.10316450148820877
0 0.5337427854537964 0.3408183753490448 0.02904834784567356 0.08047892153263092
0 0.7398718595504761 0.5226513147354126 0.018496131524443626 0.1045769602060318
0 0.4934103786945343 0.6412466764450073 0.04774045944213867 0.10508067160844803
0 0.4849409759044647 0.6413899660110474 0.028583621606230736 0.10508643090724945
0 0.9871444702148438 0.3969035744667053 0.02088603936135769 0.08871494233608246
0 0.6982096433639526 0.21965640783309937 0.01644471473991871 0.06780115514993668
0 0.9585002660751343 0.4830496907234192 0.030060958117246628 0.10574083775281906
0 0.9403133392333984 0.33846163749694824 0.01676788367331028 0.07808365672826767
0 0.9384744167327881 0.3394441306591034 0.024349402636289597 0.08226725459098816
0 0.5317127704620361 0.33655938506126404 0.021858183667063713 0.07188364863395691
0 0.015033391304314137 0.5542135834693909 0.030066782608628273 0.11954600363969803
0 0.9577928781509399 0.4701635241508484 0.021240616217255592 0.08307401835918427
0 0.728310227394104 0.41782623529434204 0.024055099114775658 0.07680918276309967
0 0.9242933988571167 0.33225759863853455 0.015210151672363281 0.08340708166360855
