0 0.12851738929748535 0.9449728727340698 0.027895450592041016 0.11005435883998871
0 0.6962727308273315 0.5245377421379089 0.021131515502929688 0.08719702810049057
0 0.5206192135810852 0.6140264272689819 0.04082762449979782 0.110230453312397
0 0.8259363174438477 0.39795440435409546 0.0225677490234375 0.08405134081840515
0 0.7544772028923035 0.3935333788394928 0.03048419952392578 0.07566672563552856
0 0.6716681122779846 0.41820254921913147 0.018508529290556908 0.08234871923923492
0 0.9363458752632141 0.3584718406200409 0.025293350219726562 0.07295805960893631
0 0.3409479856491089 0.6081472635269165 0.02668600156903267 0.08539710938930511
0 0.5763861536979675 0.5642997622489929 0.047353554517030716 0.09115702658891678
0 0.5826849341392517 0.5627298951148987 0.02955455705523491 0.09044291079044342
0 0.4013006091117859 0.4165976643562317 0.026348145678639412 0.05302649736404419
0 0.5690032243728638 0.5625065565109253 0.03273379057645798 0.08757047355175018
0 0.5138875246047974 0.5547032356262207 0.028952408581972122 0.10850711166858673
