0 0.07824955135583878 0.8877168893814087 0.030304165557026863 0.14771457016468048
0 0.18351389467716217 0.5128267407417297 0.01810644380748272 0.09197376668453217
0 0.9245750904083252 0.6669890284538269 0.02603454515337944 0.10956822335720062
0 0.454532653093338 0.7297556400299072 0.019486237317323685 0.11036348342895508
0 0.9569507837295532 0.6361804008483887 0.023217391222715378 0.10659812390804291
0 0.9007436633110046 0.5937570333480835 0.024370957165956497 0.10090337693691254
0 0.6095728278160095 0.599824070930481 0.019965553656220436 0.10274997353553772
0 0.5027802586555481 0.7079067826271057 0.021346379071474075 0.11675821989774704
0 0.5796282887458801 0.5100893378257751 0.019314702600240707 0.08499433845281601
0 0.8533258438110352 0.8498842120170593 0.030107880011200905 0.12564527988433838
0 0.838943600654602 0.7912588119506836 0.024730872362852097 0.1254967600107193
0 0.8657237887382507 0.5444228053092957 0.02069244347512722 0.10084499418735504
0 0.36994704604148865 0.4294644594192505 0.018761062994599342 0.07702822983264923
0 0.5177156329154968 0.489833801984787 0.015444755554199219 0.08961518108844757
0 0.21184664964675903 0.4349471926689148 0.01571044884622097 0.07746895402669907
0 0.8346206545829773 0.7913984656333923 0.03545379638671875 0.12630784511566162
0 0.4654051661491394 0.4003037214279175 0.017296791076660156 0.05189276859164238
0 0.5285025238990784 0.4115564227104187 0.017370574176311493 0.05891672894358635
