0 0.9554246664047241 0.4830752909183502 0.02874298021197319 0.09993300586938858
0 0.8328626155853271 0.6563817858695984 0.02506847307085991 0.11048143357038498
0 0.6632727980613708 0.54920494556427 0.01947936974465847 0.10487721860408783
0 0.39722567796707153 0.6271947622299194 0.030606841668486595 0.11098124086856842
0 0.458207905292511 0.5916554927825928 0.02538290061056614 0.09159529209136963
0 0.6214179992675781 0.5404056310653687 0.019492339342832565 0.10039124637842178
0 0.7707200646400452 0.47399115562438965 0.02306842803955078 0.10773967951536179
0 0.5833014249801636 0.26894259452819824 0.018326759338378906 0.07679782807826996
0 0.5010941028594971 0.2470589578151703 0.01724567450582981 0.07593587040901184
0 0.2949167788028717 0.45472773909568787 0.021718120202422142 0.09717336297035217
0 0.5447198748588562 0.5355829000473022 0.022878551855683327 0.10504591464996338
0 0.8190793991088867 0.3960713744163513 0.028781509026885033 0.09292178601026535
0 0.3051937222480774 0.3457756042480469 0.017946243286132812 0.08357374370098114
0 0.55207759141922 0.4218692481517792 0.025004005059599876 0.08945871889591217
0 0.5228272080421448 0.4137744605541229 0.017735958099365234 0.08025648444890976
0 0.7408706545829773 0.3429998457431793 0.017522048205137253 0.08934436738491058
0 0.7238160371780396 0.3424672782421112 0.017621422186493874 0.08459523320198059
0 0.12677378952503204 0.5532054901123047 0.027493858709931374 0.10196301341056824
0 0.7371744513511658 0.343924880027771 0.027007102966308594 0.0909983292222023
