0 0.3977354168891907 0.5760654211044312 0.039290428161621094 0.10337846726179123
0 0.3339988887310028 0.630653977394104 0.042607881128787994 0.09725087136030197
0 0.1387525498867035 0.4046134054660797 0.024161282926797867 0.08571692556142807
0 0.2484053075313568 0.5624673366546631 0.026464080438017845 0.09212731570005417
0 0.4699364900588989 0.34203580021858215 0.017795180901885033 0.07552676647901535
0 0.4932168126106262 0.3482230305671692 0.01937427558004856 0.09085625410079956
0 0.7157539129257202 0.6254924535751343 0.025095175951719284 0.11135643720626831
0 0.30363819003105164 0.2835676968097687 0.023673057556152344 0.07636357098817825
0 0.28825995326042175 0.43098151683807373 0.022494951263070107 0.08970624953508377
0 0.7443410158157349 0.48683619499206543 0.02486095391213894 0.0987573117017746
0 0.6045132875442505 0.43222570419311523 0.01755847968161106 0.07810617983341217
0 0.18597054481506348 0.2711036205291748 0.017747115343809128 0.07719788700342178
0 0.8140443563461304 0.329812616109848 0.023831557482481003 0.07645195722579956
0 0.6256808042526245 0.40555885434150696 0.01949024200439453 0.08978831022977829
0 0.9783517718315125 0.6265696287155151 0.027029037475585938 0.11476847529411316
0 0.36873844265937805 0.572174608707428 0.020394612103700638 0.0810512974858284
0 0.6058558225631714 0.44285091757774353 0.01986726187169552 0.09947116672992706
0 0.367398202419281 0.5053765773773193 0.02664817124605179 0.06871600449085236
