0 0.43824872374534607 0.5738562941551208 0.037046052515506744 0.09655484557151794
0 0.41875410079956055 0.9334566593170166 0.03266448900103569 0.13308675587177277
0 0.8655189275741577 0.6492264270782471 0.03311195224523544 0.11527896672487259
0 0.7170436978340149 0.4853323996067047 0.019308408722281456 0.10101654380559921
0 0.34803757071495056 0.4959369897842407 0.024938393384218216 0.10359494388103485
0 0.18477122485637665 0.3013955056667328 0.022857666015625 0.0807972401380539
0 0.23203539848327637 0.5227914452552795 0.020770739763975143 0.10214332491159439
0 0.13196641206741333 0.3818510174751282 0.01978720910847187 0.09558512270450592
0 0.5607404112815857 0.38854217529296875 0.017511557787656784 0.08483158051967621
0 0.5164422988891602 0.5629342794418335 0.028135299682617188 0.0882941335439682
0 0.4709447920322418 0.6689687371253967 0.03290843963623047 0.11908778548240662
0 0.28482088446617126 0.6456641554832458 0.023955218493938446 0.1120460256934166
0 0.40380123257637024 0.32955700159072876 0.019399292767047882 0.08570525795221329
0 0.8669332265853882 0.4949040114879608 0.026735687628388405 0.11383376270532608
0 0.21755985915660858 0.23756247758865356 0.016568947583436966 0.0692325159907341
0 0.01767253503203392 0.6084963083267212 0.02858341857790947 0.12267427891492844
0 0.8720035552978516 0.450374573469162 0.021741485223174095 0.16536353528499603
0 0.01664787530899048 0.5399372577667236 0.03199508413672447 0.14036676287651062
0 0.1367972493171692 0.3827091455459595 0.027875129133462906 0.09664332121610641
0 0.01690094545483589 0.568301260471344 0.030930260196328163 0.19525815546512604
