0 0.4820021688938141 0.5891864895820618 0.02304096147418022 0.10249921679496765
0 0.3751939833164215 0.6016899943351746 0.021617602556943893 0.11009922623634338
0 0.6130552291870117 0.3649705648422241 0.018851852044463158 0.08796457201242447
0 0.7370485663414001 0.6271509528160095 0.02530651167035103 0.10092145949602127
0 0.6894618272781372 0.4785635471343994 0.020991388708353043 0.09524518996477127
0 0.5178723335266113 0.5407330393791199 0.02463836595416069 0.0805460587143898
0 0.5919201970100403 0.36399298906326294 0.01662921905517578 0.08493059128522873
0 0.4267953038215637 0.44196292757987976 0.020183563232421875 0.08894365280866623
0 0.1480329930782318 0.4071051776409149 0.033772848546504974 0.1625320166349411
0 0.7200387120246887 0.4205668270587921 0.022915013134479523 0.09986385703086853
0 0.8442888259887695 0.4999522566795349 0.029093552380800247 0.10354136675596237
0 0.4433208405971527 0.29991769790649414 0.017330551519989967 0.07802005112171173
0 0.35352420806884766 0.4159044027328491 0.017385896295309067 0.08695780485868454
0 0.3449036777019501 0.2828240692615509 0.01548223476856947 0.07412160187959671
0 0.9296083450317383 0.3294283151626587 0.019754791632294655 0.10276328027248383
0 0.40578392148017883 0.5536670088768005 0.029625415802001953 0.10035773366689682
