0 0.12905451655387878 0.8245461583137512 0.05016035959124565 0.13037753105163574
0 0.2529957890510559 0.5076498985290527 0.023737335577607155 0.0909186452627182
0 0.3923128843307495 0.4304996132850647 0.023060131818056107 0.0782809779047966
0 0.5966660976409912 0.6433457136154175 0.022544924169778824 0.09994659572839737
0 0.4856821894645691 0.46089690923690796 0.022681236267089844 0.07111901044845581
0 0.8814105987548828 0.468277245759964 0.028420448303222656 0.09520687162876129
0 0.2809794843196869 0.41671955585479736 0.02488994598388672 0.059893544763326645
0 0.6203407049179077 0.3893030881881714 0.018831634894013405 0.0669606551527977
0 0.22528158128261566 0.40865689516067505 0.019784878939390182 0.08124321699142456
0 0.7855003476142883 0.3952503800392151 0.03869056701660156 0.08785069733858109
0 0.7459195256233215 0.5468086004257202 0.032154593616724014 0.08399725705385208
0 0.9218820333480835 0.4655305743217468 0.03695068508386612 0.08575303852558136
0 0.8095272183418274 0.5516563057899475 0.03857307508587837 0.0906236469745636
0 0.3684336245059967 0.327968031167984 0.019359875470399857 0.06640353798866272
