0 0.8496936559677124 0.4842374920845032 0.031752776354551315 0.10922173410654068
0 0.6147419214248657 0.47972580790519714 0.021692339330911636 0.09307366609573364
0 0.14967523515224457 0.526839554309845 0.021879244595766068 0.10185038298368454
0 0.29468825459480286 0.5113254189491272 0.02271963842213154 0.10842671990394592
0 0.30371978878974915 0.9519709944725037 0.03224897384643555 0.09605814516544342
0 0.5237793326377869 0.68616783618927 0.031009260565042496 0.12317589670419693
0 0.8343526721000671 0.6443432569503784 0.03477897495031357 0.10947011411190033
0 0.30389153957366943 0.6483308672904968 0.021329307928681374 0.11558566987514496
0 0.10824991762638092 0.3027254343032837 0.01886626146733761 0.08319962024688721
0 0.021087078377604485 0.38473373651504517 0.01876266486942768 0.09389004111289978
0 0.40860214829444885 0.3814277648925781 0.014317130669951439 0.08677791804075241
0 0.7209122776985168 0.38479095697402954 0.018145179376006126 0.09023217111825943
0 0.33231836557388306 0.3035411238670349 0.016647465527057648 0.0846266821026802
0 0.4905955195426941 0.6023178696632385 0.050855256617069244 0.056791745126247406
0 0.5239273309707642 0.685906708240509 0.02160879783332348 0.12528957426548004
0 0.11829543113708496 0.2269105762243271 0.017470646649599075 0.06828846037387848
