0 0.09798837453126907 0.8737684488296509 0.03138303756713867 0.14338412880897522
0 0.9407239556312561 0.6686444282531738 0.02275829389691353 0.11458062380552292
0 0.19507747888565063 0.5118532776832581 0.016468413174152374 0.08779870718717575
0 0.8002620935440063 0.8282367587089539 0.03514594957232475 0.11759846657514572
0 0.8737112283706665 0.7914635539054871 0.027103424072265625 0.12008124589920044
0 0.5398045182228088 0.6967852115631104 0.029739348217844963 0.10579223930835724
0 0.917571485042572 0.5928096175193787 0.021280478686094284 0.09336479753255844
0 0.6294366717338562 0.6015012264251709 0.017235945910215378 0.091095931828022
0 0.8742784261703491 0.5458733439445496 0.018326569348573685 0.09416249394416809
0 0.460940420627594 0.7320934534072876 0.020104121416807175 0.10793761909008026
0 0.6120169162750244 0.5156118869781494 0.016759872436523438 0.08309444785118103
0 0.9866825342178345 0.798252522945404 0.025481034070253372 0.123931884765625
0 0.38329869508743286 0.42969927191734314 0.015136527828872204 0.07694430649280548
0 0.9692586064338684 0.6339234709739685 0.02238941192626953 0.10145280510187149
0 0.46062061190605164 0.4084445536136627 0.015126323327422142 0.05957980826497078
0 0.5444403290748596 0.495085209608078 0.015655899420380592 0.08647409826517105
0 0.21170523762702942 0.4318515956401825 0.014877080917358398 0.0781739130616188
0 0.5336243510246277 0.37937086820602417 0.015021419152617455 0.06356777250766754
