0 0.2897060513496399 0.5567433834075928 0.02161254920065403 0.08941169828176498
0 0.09949765354394913 0.594407856464386 0.024186182767152786 0.09902411699295044
0 0.8150317072868347 0.7139385342597961 0.025867844000458717 0.10896103829145432
0 0.569469153881073 0.6228326559066772 0.01702982559800148 0.08685438334941864
0 0.7554669976234436 0.6872773766517639 0.02832234650850296 0.09874030202627182
0 0.434594064950943 0.4993894100189209 0.02779998816549778 0.07659216970205307
0 0.5168916583061218 0.5475436449050903 0.020110512152314186 0.0858120396733284
0 0.36913999915122986 0.567909836769104 0.02339029312133789 0.09312184900045395
0 0.43849295377731323 0.49761825799942017 0.021521758288145065 0.07769673317670822
0 0.20078513026237488 0.5393368005752563 0.023602580651640892 0.07826470583677292
0 0.653859555721283 0.5416623950004578 0.022048568353056908 0.09328290820121765
0 0.6563230156898499 0.5331306457519531 0.02683544158935547 0.10908661037683487
0 0.031699422746896744 0.5005244016647339 0.021466998383402824 0.08379089832305908
0 0.32758253812789917 0.3972393572330475 0.02262156829237938 0.05674980953335762
0 0.8602327704429626 0.43271324038505554 0.020858192816376686 0.06543799489736557
0 0.1619674116373062 0.37501823902130127 0.017429400235414505 0.06240556389093399
