0 0.8364017605781555 0.4860042929649353 0.020512009039521217 0.08796997368335724
0 0.9518100619316101 0.6510319113731384 0.02773742750287056 0.10372687131166458
0 0.6789918541908264 0.6362055540084839 0.02127666398882866 0.0973307266831398
0 0.45554065704345703 0.6542871594429016 0.027004051953554153 0.09071638435125351
0 0.3778702914714813 0.5369322896003723 0.021783923730254173 0.08903282880783081
0 0.8153864741325378 0.42342689633369446 0.016733169555664062 0.07503102719783783
0 0.26477164030075073 0.5952304601669312 0.027271730825304985 0.09209193289279938
0 0.4763219952583313 0.41278108954429626 0.019273947924375534 0.08107978105545044
0 0.26757755875587463 0.48456382751464844 0.020609505474567413 0.08263075351715088
0 0.5891442894935608 0.5260276794433594 0.02451477013528347 0.07457953691482544
0 0.7018097043037415 0.48237067461013794 0.01701984368264675 0.07386929541826248
0 0.6452451348304749 0.42818188667297363 0.018906593322753906 0.06172604113817215
0 0.3378716707229614 0.40562760829925537 0.016193866729736328 0.07135280966758728
0 0.6685470342636108 0.40234342217445374 0.013607978820800781 0.05023973435163498
0 0.034469615668058395 0.509703516960144 0.019935887306928635 0.08972461521625519
