0 0.9040666818618774 0.6789978742599487 0.030393218621611595 0.1228061243891716
0 0.2003963440656662 0.5474261045455933 0.033597610890865326 0.10097944736480713
0 0.4849740266799927 0.6100120544433594 0.03401651233434677 0.11497005820274353
0 0.8313073515892029 0.4649190902709961 0.02312030829489231 0.10669044405221939
0 0.7717897295951843 0.5183628797531128 0.02013244666159153 0.10491084307432175
0 0.6813106536865234 0.5329111814498901 0.032445717602968216 0.10588135570287704
0 0.6514782309532166 0.24362264573574066 0.01804504357278347 0.0787554681301117
0 0.4024968147277832 0.6567238569259644 0.04626617580652237 0.11683281511068344
0 0.335220068693161 0.4514020085334778 0.029509639367461205 0.10377409309148788
0 0.8837518692016602 0.3806569278240204 0.027763748541474342 0.0895402729511261
0 0.6138927340507507 0.5117036700248718 0.023456955328583717 0.10567013919353485
0 0.38939544558525085 0.32519659399986267 0.020028654485940933 0.08683081716299057
0 0.566238284111023 0.40594619512557983 0.02208251878619194 0.08074290305376053
0 0.8113376498222351 0.3187562823295593 0.021371841430664062 0.08925337344408035
0 0.6110750436782837 0.39822980761528015 0.016704177483916283 0.08784027397632599
0 0.5742990374565125 0.2156555950641632 0.015237045474350452 0.07415727525949478
0 0.5632476806640625 0.40342628955841064 0.01693744584918022 0.07547403872013092
0 0.7963659763336182 0.31415218114852905 0.015441068448126316 0.07809210568666458
0 0.7967736721038818 0.3195432424545288 0.03327541425824165 0.08809679001569748
0 0.7977338433265686 0.31818321347236633 0.02095235139131546 0.08623851835727692
0 0.6107346415519714 0.5086389780044556 0.017216110602021217 0.10326894372701645
0 0.7908907532691956 0.3230918049812317 0.038079071789979935 0.08230051398277283
