0 0.06335427612066269 0.8882059454917908 0.030049562454223633 0.14512735605239868
0 0.4436514675617218 0.7260577082633972 0.0234545711427927 0.11299150437116623
0 0.4741581976413727 0.7095937728881836 0.021076202392578125 0.11849026381969452
0 0.872192919254303 0.8528140783309937 0.032202720642089844 0.13551907241344452
0 0.5917679667472839 0.5945614576339722 0.0184173583984375 0.1003342792391777
0 0.8818616271018982 0.5838446617126465 0.02304363250732422 0.09088948369026184
0 0.9413866400718689 0.6299796104431152 0.020107079297304153 0.10783182829618454
0 0.1692364364862442 0.5114758610725403 0.023227501660585403 0.09072203189134598
0 0.4985902011394501 0.49012768268585205 0.019791508093476295 0.08668967336416245
0 0.849129319190979 0.5451899170875549 0.026298141106963158 0.09786614030599594
0 0.9109434485435486 0.662846028804779 0.026050185784697533 0.10838215798139572
0 0.5581281185150146 0.5087228417396545 0.019044304266572 0.09053850173950195
0 0.8179253935813904 0.7899208068847656 0.022754479199647903 0.13140664994716644
0 0.8118476867675781 0.7881605625152588 0.035712242126464844 0.13285811245441437
0 0.3558140993118286 0.4315839111804962 0.01839475706219673 0.08060166984796524
0 0.5237706303596497 0.41361966729164124 0.017432212829589844 0.06787227839231491
0 0.20472177863121033 0.4356532692909241 0.01588582992553711 0.07919125258922577
