0 0.18082885444164276 0.7305163145065308 0.0262895580381155 0.13213439285755157
0 0.5805509090423584 0.7253677248954773 0.030821800231933594 0.13505961000919342
0 0.5003105998039246 0.5775387287139893 0.022645186632871628 0.1311543732881546
0 0.22438755631446838 0.46479177474975586 0.02376585081219673 0.10256636142730713
0 0.0728289932012558 0.5441197752952576 0.020325370132923126 0.1065199077129364
0 0.29176297783851624 0.5872940421104431 0.0216089878231287 0.12664659321308136
0 0.2304821014404297 0.9444461464881897 0.020313357934355736 0.10773275792598724
0 0.6673704981803894 0.6390182971954346 0.021334266290068626 0.12215135246515274
0 0.6094534397125244 0.5653427839279175 0.019654972478747368 0.10784369707107544
0 0.44979020953178406 0.6033790707588196 0.024745941162109375 0.06069590151309967
0 0.6290423274040222 0.5828638076782227 0.025197219103574753 0.12041648477315903
0 0.3104439973831177 0.45489323139190674 0.02652629278600216 0.05732167512178421
0 0.6289377212524414 0.5594226121902466 0.027573775500059128 0.16918142139911652
0 0.2688739001750946 0.3365524709224701 0.01947011984884739 0.07981349527835846
