0 0.15025271475315094 0.5682666301727295 0.02691780775785446 0.09450005739927292
0 0.3524961471557617 0.5481932759284973 0.02777840383350849 0.09009654074907303
0 0.9092024564743042 0.8659115433692932 0.048558808863162994 0.13381992280483246
0 0.297753244638443 0.4615249037742615 0.02314147911965847 0.07453568279743195
0 0.7073560357093811 0.6622148156166077 0.04043407365679741 0.15380333364009857
0 0.3566220700740814 0.4447106719017029 0.029278310015797615 0.08083493262529373
0 0.2117014229297638 0.4059816896915436 0.022847414016723633 0.08547363430261612
0 0.6057537198066711 0.3895795941352844 0.029818153008818626 0.08418697863817215
0 0.9150820374488831 0.8618460893630981 0.036370087414979935 0.1241573765873909
0 0.18371158838272095 0.4049771726131439 0.018907975405454636 0.06849704682826996
0 0.7077838778495789 0.6963143348693848 0.037942443042993546 0.0852796733379364
