0 0.3254605829715729 0.5346469283103943 0.022027015686035156 0.08918287605047226
0 0.1294097602367401 0.5720744729042053 0.030662624165415764 0.09849056601524353
0 0.8179938197135925 0.7087131142616272 0.03550110012292862 0.09559377282857895
0 0.4518722593784332 0.48662811517715454 0.020818328484892845 0.07950320839881897
0 0.39993566274642944 0.5520471930503845 0.028086693957448006 0.08567725121974945
0 0.7750003933906555 0.6890712976455688 0.02540130540728569 0.1051822230219841
0 0.34724611043930054 0.3704420328140259 0.016384093090891838 0.0671488419175148
0 0.5336315035820007 0.5343122482299805 0.028823088854551315 0.07949218899011612
0 0.5957939028739929 0.5881125926971436 0.016999244689941406 0.06860131025314331
0 0.22636356949806213 0.5178968906402588 0.03005228005349636 0.07808447629213333
0 0.6430235505104065 0.4723263084888458 0.03591480106115341 0.08455926179885864
0 0.07353249937295914 0.46608248353004456 0.01933472231030464 0.07649770379066467
0 0.6649672389030457 0.5248618721961975 0.024007607251405716 0.08018764853477478
0 0.9044269323348999 0.41378456354141235 0.02958221361041069 0.059105511754751205
0 0.19325265288352966 0.34244000911712646 0.016883421689271927 0.060714468359947205
