0 0.6772348284721375 0.4610155522823334 0.020610427483916283 0.09519898891448975
0 0.40313446521759033 0.9143180251121521 0.057619571685791016 0.12046271562576294
0 0.11338813602924347 0.5469326972961426 0.025243807584047318 0.10078972578048706
0 0.27112478017807007 0.4950350224971771 0.03584764897823334 0.09543880820274353
0 0.7353350520133972 0.6306800842285156 0.03962993621826172 0.10455424338579178
0 0.27708590030670166 0.49592098593711853 0.024608738720417023 0.09352578222751617
0 0.937404990196228 0.4438256621360779 0.02190094068646431 0.10307783633470535
0 0.4626626968383789 0.6160517930984497 0.03246879577636719 0.10736609250307083
0 0.2710798978805542 0.6378929018974304 0.0340757854282856 0.09140212088823318
0 0.3505021333694458 0.4950562119483948 0.030925273895263672 0.09728995710611343
0 0.8717368841171265 0.594664990901947 0.03649253770709038 0.10493073612451553
0 0.0566830150783062 0.5437025427818298 0.023897461593151093 0.0979953333735466
0 0.11659286171197891 0.3717241585254669 0.02304520644247532 0.08584755659103394
0 0.7121313810348511 0.34004250168800354 0.016535377129912376 0.08299602568149567
0 0.17546387016773224 0.2825896441936493 0.016629807651042938 0.07706451416015625
0 0.5431472063064575 0.5564283728599548 0.04475869983434677 0.07603216916322708
0 0.4406445622444153 0.35080957412719727 0.019900893792510033 0.0700867548584938
0 0.5303953289985657 0.5525631904602051 0.017714468762278557 0.06827426701784134
0 0.4207254946231842 0.25913873314857483 0.01521844882518053 0.06957024335861206
0 0.5475435853004456 0.566094160079956 0.028385162353515625 0.05111666023731232
0 0.20445279777050018 0.20311112701892853 0.016395140439271927 0.07187464833259583
