0 0.8831577301025391 0.7348154783248901 0.04317627102136612 0.16954554617404938
0 0.4770250618457794 0.5097679495811462 0.02172393724322319 0.09384270757436752
0 0.7011083960533142 0.5388800501823425 0.04367542266845703 0.07694990187883377
0 0.6885344982147217 0.4119555950164795 0.037656020373106 0.07606837153434753
0 0.52464359998703 0.5432597994804382 0.022420693188905716 0.08703003078699112
0 0.7978057861328125 0.5031982660293579 0.017649268731474876 0.08883104473352432
0 0.10698007047176361 0.5371382236480713 0.025540541857481003 0.09704895317554474
0 0.26431792974472046 0.5356318354606628 0.02826460264623165 0.0932261124253273
0 0.1591002494096756 0.7390280961990356 0.017810869961977005 0.11435411125421524
0 0.5728008151054382 0.4888051450252533 0.032106589525938034 0.07872091233730316
0 0.24557679891586304 0.4088110327720642 0.025768518447875977 0.07452782243490219
0 0.37509670853614807 0.47918084263801575 0.0255005843937397 0.0793817862868309
0 0.6250535845756531 0.5023998022079468 0.0394412986934185 0.07636599987745285
0 0.012318234890699387 0.7948815226554871 0.024623336270451546 0.12889471650123596
0 0.35015660524368286 0.28481242060661316 0.01988658867776394 0.05859239399433136
0 0.4813184142112732 0.3082990348339081 0.02294454537332058 0.06364183872938156
0 0.701894223690033 0.5300178527832031 0.03540744632482529 0.05994132533669472
