0 0.33117738366127014 0.7796546220779419 0.043210506439208984 0.10839911550283432
0 0.8017954230308533 0.8256432414054871 0.032914161682128906 0.1271294504404068
0 0.8399389982223511 0.4880036413669586 0.026018142700195312 0.08043167740106583
0 0.7240282893180847 0.5956622958183289 0.04498786851763725 0.10821651667356491
0 0.9547398686408997 0.49493080377578735 0.018599892035126686 0.09254421293735504
0 0.4713597297668457 0.6748721599578857 0.03452320024371147 0.10456102341413498
0 0.7959368228912354 0.3984653949737549 0.019056130200624466 0.08020968735218048
0 0.9492418766021729 0.31672006845474243 0.01965789869427681 0.06855697929859161
0 0.7084051966667175 0.5259308218955994 0.025499915704131126 0.09583774209022522
0 0.4668505787849426 0.6728389263153076 0.02313060685992241 0.09828101098537445
0 0.38174423575401306 0.3155624270439148 0.015266800299286842 0.052955035120248795
