0 0.35128700733184814 0.6852366328239441 0.027427101507782936 0.12570156157016754
0 0.02443343959748745 0.539505124092102 0.02466473914682865 0.10756649076938629
0 0.41265833377838135 0.6575646996498108 0.03047790564596653 0.10336541384458542
0 0.9119183421134949 0.361589640378952 0.028880691155791283 0.08494873344898224
0 0.22063998878002167 0.5850641131401062 0.026241015642881393 0.1004885658621788
0 0.18852107226848602 0.40014269948005676 0.02120273932814598 0.08710522204637527
0 0.7191436886787415 0.44656169414520264 0.02068920060992241 0.088104248046875
0 0.44220495223999023 0.5277731418609619 0.026724815368652344 0.09495866298675537
0 0.5748351812362671 0.36353787779808044 0.014887427911162376 0.08121702075004578
0 0.5469178557395935 0.49608245491981506 0.022281773388385773 0.0794227346777916
0 0.809347927570343 0.2711735963821411 0.026338640600442886 0.07340853661298752
0 0.7082241177558899 0.2384304404258728 0.01855793036520481 0.05901997908949852
0 0.9808290004730225 0.5122779011726379 0.03133869171142578 0.10810572654008865
0 0.9792341589927673 0.36503541469573975 0.017180824652314186 0.07979854941368103
0 0.7762748599052429 0.5385921001434326 0.030904198065400124 0.11029341071844101
0 0.7819875478744507 0.5361591577529907 0.016069412231445312 0.10419226437807083
0 0.769239068031311 0.5514466762542725 0.02151966094970703 0.10012240707874298
0 0.9659055471420288 0.43050453066825867 0.022905349731445312 0.06624840945005417
