0 0.31622806191444397 0.6836317181587219 0.04005718231201172 0.12162356823682785
0 0.9288437366485596 0.6902062296867371 0.033576201647520065 0.13471244275569916
0 0.41215354204177856 0.5937259197235107 0.03586692735552788 0.09311766177415848
0 0.8877031803131104 0.41945016384124756 0.02803516387939453 0.1078609898686409
0 0.5908318758010864 0.5767354965209961 0.029752541333436966 0.12301839143037796
0 0.7668828368186951 0.5798884034156799 0.03748035430908203 0.12572462856769562
0 0.8422749638557434 0.4174726605415344 0.042847633361816406 0.0977511927485466
0 0.7728241086006165 0.4478166401386261 0.03311634063720703 0.09956950694322586
0 0.3936064541339874 0.45123374462127686 0.02160307578742504 0.08012743294239044
0 0.6434639096260071 0.4544861316680908 0.026299286633729935 0.0996571034193039
0 0.6290233135223389 0.5633446574211121 0.04944241791963577 0.12408345192670822
0 0.6669551730155945 0.4895159602165222 0.027727127075195312 0.08092328906059265
0 0.6222454309463501 0.5584437847137451 0.0315372459590435 0.11061542481184006
0 0.9419761896133423 0.38270828127861023 0.0445556640625 0.07743165642023087
0 0.9332199096679688 0.3672957420349121 0.025919532403349876 0.05148247629404068
