0 0.16561463475227356 0.49398013949394226 0.0266694538295269 0.10355391353368759
0 0.6079281568527222 0.4501648545265198 0.019207891076803207 0.09239871799945831
0 0.34086742997169495 0.6213696002960205 0.03959359973669052 0.11343281716108322
0 0.29984843730926514 0.48342764377593994 0.02243092842400074 0.10152347385883331
0 0.344728946685791 0.9388484358787537 0.04193286970257759 0.12230309098958969
0 0.8692118525505066 0.44877564907073975 0.03452739864587784 0.09840782731771469
0 0.09842648357152939 0.2753739655017853 0.024183034896850586 0.08243732899427414
0 0.06624376773834229 0.6304386854171753 0.03901474177837372 0.12274220585823059
0 0.6835760474205017 0.34702709317207336 0.013531493954360485 0.0895640030503273
0 0.026718607172369957 0.36067646741867065 0.021464740857481956 0.09162385761737823
0 0.6234232783317566 0.6449655294418335 0.03309440612792969 0.11174367368221283
0 0.8158635497093201 0.6020796298980713 0.03353939205408096 0.11054207384586334
0 0.38795626163482666 0.3464931845664978 0.01583118364214897 0.08185933530330658
0 0.3374771773815155 0.26548415422439575 0.017313098534941673 0.0828334391117096
0 0.47432565689086914 0.5643762946128845 0.045957375317811966 0.06913542747497559
0 0.6234084367752075 0.6330604553222656 0.029529063031077385 0.08697594702243805
0 0.007739606313407421 0.5518175363540649 0.015296447090804577 0.10627271980047226
0 0.11565642058849335 0.19627690315246582 0.017661357298493385 0.07280070334672928
0 0.8137760162353516 0.6057935953140259 0.023812483996152878 0.10526037961244583
