0 0.9131145477294922 0.8864535689353943 0.04566001892089844 0.12236803025007248
0 0.355540007352829 0.5459886193275452 0.03804969787597656 0.08795341104269028
0 0.16814178228378296 0.5639060735702515 0.024088716134428978 0.08718583732843399
0 0.7077350616455078 0.6357613801956177 0.02875499799847603 0.08725139498710632
0 0.22223886847496033 0.41178831458091736 0.01679544523358345 0.0693989247083664
0 0.7463623881340027 0.7092797160148621 0.03319358825683594 0.08558925986289978
0 0.31614068150520325 0.455449640750885 0.018882719799876213 0.07820050418376923
0 0.2424353063106537 0.40233689546585083 0.01913290098309517 0.07545182853937149
0 0.38024720549583435 0.44782528281211853 0.028761673718690872 0.07875332236289978
0 0.38301753997802734 0.4461314380168915 0.01890411414206028 0.07353682070970535
0 0.2422645539045334 0.4083479046821594 0.024196434766054153 0.08709937334060669
0 0.006609980948269367 0.7504814863204956 0.01307363249361515 0.1087273508310318
0 0.24261780083179474 0.3997478783130646 0.014294815249741077 0.06967858225107193
0 0.0063106161542236805 0.3426196575164795 0.01246708445250988 0.07396392524242401
0 0.22007441520690918 0.4147532284259796 0.024739455431699753 0.07297854870557785
0 0.9210281372070312 0.8856304883956909 0.029624367132782936 0.12129770964384079
