0 0.7637687921524048 0.713712751865387 0.029404640197753906 0.12841321527957916
0 0.5383090972900391 0.4378148317337036 0.023206012323498726 0.09524550288915634
0 0.3476431667804718 0.8057245016098022 0.042542170733213425 0.13002420961856842
0 0.1454434096813202 0.4359220862388611 0.023234860971570015 0.09983452409505844
0 0.19574372470378876 0.37732672691345215 0.02001323737204075 0.09087295830249786
0 0.04305311664938927 0.47861582040786743 0.02144145779311657 0.0991465225815773
0 0.5108267068862915 0.5448938608169556 0.05061817169189453 0.08898965269327164
0 0.49231401085853577 0.38637611269950867 0.017488574609160423 0.08589290827512741
0 0.43465089797973633 0.5348879098892212 0.024085616692900658 0.08915168046951294
0 0.43996304273605347 0.4499390423297882 0.02144317701458931 0.09088863432407379
0 0.4053831100463867 0.5094056725502014 0.02204955369234085 0.09828776866197586
0 0.3404925763607025 0.8054760694503784 0.02808408811688423 0.12788322567939758
0 0.3901657164096832 0.3852871358394623 0.0217419620603323 0.08728688210248947
0 0.2611192464828491 0.4847704768180847 0.02988041192293167 0.12185844033956528
0 0.2687014937400818 0.5470114350318909 0.031306441873311996 0.08870866894721985
0 0.2594318389892578 0.47017374634742737 0.024572372436523438 0.0871451199054718
0 0.265080064535141 0.5130559206008911 0.03998154029250145 0.15397250652313232
0 0.2736331820487976 0.546506941318512 0.021014101803302765 0.08708156645298004
