0 0.18981428444385529 0.45809218287467957 0.02508687973022461 0.0694785788655281
0 0.8007372617721558 0.4563666582107544 0.025759506970643997 0.10530556738376617
0 0.8218215703964233 0.6105101704597473 0.025965118780732155 0.10076270997524261
0 0.19596607983112335 0.7426697015762329 0.03398224338889122 0.11284925788640976
0 0.88738614320755 0.5876109004020691 0.01971130445599556 0.09429897367954254
0 0.6024984121322632 0.48537692427635193 0.021871184930205345 0.11524061858654022
0 0.24114830791950226 0.5772790312767029 0.02298102341592312 0.07394850254058838
0 0.48293018341064453 0.6678079962730408 0.028166389092803 0.06680399924516678
0 0.24495521187782288 0.4419727325439453 0.017391204833984375 0.07337440550327301
0 0.6275951266288757 0.38798195123672485 0.023868750780820847 0.05530751496553421
0 0.6749109625816345 0.38908132910728455 0.02801971510052681 0.07010141760110855
0 0.2625158727169037 0.49520111083984375 0.025499137118458748 0.0893981084227562
0 0.5727283954620361 0.4733031392097473 0.028128813952207565 0.06996815651655197
0 0.4210064709186554 0.4824192225933075 0.028636455535888672 0.09812416136264801
0 0.5984042882919312 0.3413865268230438 0.01781940460205078 0.053911928087472916
0 0.8181793689727783 0.2612474262714386 0.011252975091338158 0.031576454639434814
0 0.5702393651008606 0.47053956985473633 0.02046031877398491 0.06966176629066467
0 0.9899778366088867 0.22881007194519043 0.01924743689596653 0.07270313054323196
0 0.42250409722328186 0.5050601959228516 0.03399782255291939 0.06339108198881149
