0 0.6920425891876221 0.5628085732460022 0.029428482055664062 0.10258449614048004
0 0.6260731816291809 0.49566638469696045 0.02503376081585884 0.10027720034122467
0 0.8881780505180359 0.6005616784095764 0.025389481335878372 0.10889045149087906
0 0.8164156079292297 0.6782445907592773 0.018891524523496628 0.1124521866440773
0 0.7776603698730469 0.5289853811264038 0.023354148492217064 0.09929656982421875
0 0.5225015878677368 0.8133846521377563 0.03473053127527237 0.1328798085451126
0 0.7981422543525696 0.38156431913375854 0.024568557739257812 0.08246900886297226
0 0.9105162024497986 0.3444184958934784 0.02516498602926731 0.0742930918931961
0 0.7086601257324219 0.4212520122528076 0.02234516106545925 0.08425326645374298
0 0.42695629596710205 0.6421746015548706 0.04662828519940376 0.10227282345294952
0 0.5309725999832153 0.5339611768722534 0.022305933758616447 0.10258433222770691
0 0.5003783702850342 0.37065914273262024 0.023472119122743607 0.08669153600931168
