0 0.450842946767807 0.642376720905304 0.02958850935101509 0.1366627961397171
0 0.9238765835762024 0.44652485847473145 0.019704055041074753 0.12035087496042252
0 0.8255683779716492 0.5439332127571106 0.02674713172018528 0.12292395532131195
0 0.08803100883960724 0.8794084787368774 0.044490765780210495 0.17581933736801147
0 0.7361252903938293 0.41718733310699463 0.028962135314941406 0.11979946494102478
0 0.09392044693231583 0.8750866651535034 0.03185529634356499 0.17009378969669342
0 0.876185417175293 0.3869771659374237 0.023248672485351562 0.12031199038028717
0 0.590035617351532 0.4205629825592041 0.02193876914680004 0.11398414522409439
0 0.008402261883020401 0.8422515988349915 0.016653183847665787 0.17678561806678772
0 0.6424834132194519 0.3618473410606384 0.015162849798798561 0.05920630693435669
0 0.9909093379974365 0.30544981360435486 0.017516136169433594 0.09668025374412537
