0 0.8918692469596863 0.8329722285270691 0.03274498134851456 0.13571132719516754
0 0.8327417373657227 0.5709275007247925 0.020401764661073685 0.10282915085554123
0 0.14244991540908813 0.5104568600654602 0.027784530073404312 0.09531351923942566
0 0.7480664849281311 0.771388053894043 0.03695278242230415 0.12281528115272522
0 0.802000105381012 0.5296685099601746 0.023101042956113815 0.09311726689338684
0 0.050255194306373596 0.8814637064933777 0.041426561772823334 0.14041730761528015
0 0.8717005252838135 0.6541386246681213 0.03166389465332031 0.10812021791934967
0 0.9868177175521851 0.7659024596214294 0.02457580529153347 0.12181006371974945
0 0.3174576461315155 0.43070822954177856 0.015172322280704975 0.0821245014667511
0 0.5130248665809631 0.5061643719673157 0.018483925610780716 0.08274773508310318
0 0.5547622442245483 0.5843732953071594 0.015536562539637089 0.09821489453315735
0 0.18036171793937683 0.4395492970943451 0.016643429175019264 0.08320354670286179
0 0.754775881767273 0.7714099884033203 0.023147011175751686 0.11991153657436371
0 0.46614938974380493 0.36945199966430664 0.01545934658497572 0.07460547238588333
0 0.41162222623825073 0.7111524939537048 0.03262310102581978 0.09994862973690033
0 0.4237188398838043 0.6966910362243652 0.020372580736875534 0.11436903476715088
0 0.4584117829799652 0.4826834797859192 0.015435409732162952 0.0820142924785614
0 0.8909358978271484 0.6146519184112549 0.017705153673887253 0.09425303339958191
0 0.5261408090591431 0.4105837643146515 0.01788307912647724 0.07036963850259781
0 0.36992302536964417 0.3449553847312927 0.01774504967033863 0.058491431176662445
