0 0.10175995528697968 0.7472881078720093 0.032402586191892624 0.13984312117099762
0 0.9172325730323792 0.8037270307540894 0.03149604797363281 0.11865946650505066
0 0.32085055112838745 0.5321919918060303 0.027063846588134766 0.09343329817056656
0 0.9520260095596313 0.7273869514465332 0.02084045484662056 0.12918266654014587
0 0.22855643928050995 0.7026786804199219 0.023132896050810814 0.1122724711894989
0 0.2100721299648285 0.5317718386650085 0.021565724164247513 0.09933369606733322
0 0.7764708399772644 0.5269376039505005 0.028940200805664062 0.07862243801355362
0 0.8745269775390625 0.5103206038475037 0.022359848022460938 0.09024273604154587
0 0.3450906574726105 0.3859389126300812 0.0178248081356287 0.08307893574237823
0 0.47877007722854614 0.45885249972343445 0.015390396118164062 0.08534223586320877
0 0.5653825998306274 0.29079321026802063 0.020937347784638405 0.0709567591547966
0 0.570602536201477 0.5631317496299744 0.025623511523008347 0.08195292204618454
0 0.7147206664085388 0.4979323148727417 0.029075749218463898 0.08330312371253967
0 0.7271600365638733 0.3762461245059967 0.022721290588378906 0.06418253481388092
0 0.6871968507766724 0.4856860041618347 0.027347374707460403 0.07923431694507599
0 0.5624166131019592 0.5379102826118469 0.02893962897360325 0.1306530386209488
0 0.559283435344696 0.5159975290298462 0.02248350717127323 0.08603091537952423
0 0.7302820682525635 0.3792760968208313 0.030564498156309128 0.06994239240884781
0 0.459390252828598 0.2596359848976135 0.01723804511129856 0.05802663043141365
0 0.5665354132652283 0.5657227635383606 0.03484974056482315 0.08209245651960373
0 0.6898249983787537 0.4789644479751587 0.019608942791819572 0.06348772346973419
0 0.7113951444625854 0.48499438166618347 0.026672236621379852 0.06100189685821533
