0 0.7150089144706726 0.5454200506210327 0.020529747009277344 0.09052542597055435
0 0.865484356880188 0.5301206111907959 0.02490406110882759 0.08739132434129715
0 0.6635314226150513 0.6066704988479614 0.021734364330768585 0.10239427536725998
0 0.7854659557342529 0.8823115825653076 0.031045405194163322 0.1323104351758957
0 0.4315031170845032 0.6946856379508972 0.031082917004823685 0.08531849831342697
0 0.3848104774951935 0.7379294037818909 0.025311915203928947 0.10244700312614441
0 0.9802636504173279 0.5283932685852051 0.016245078295469284 0.08524678647518158
0 0.830538809299469 0.44131866097450256 0.017018890008330345 0.08349674195051193
0 0.9875680208206177 0.38359299302101135 0.01964435540139675 0.06315341591835022
0 0.5036876797676086 0.37132662534713745 0.02382202073931694 0.05476735532283783
