0 0.12723246216773987 0.5484433770179749 0.028334569185972214 0.09450361132621765
0 0.3810546100139618 0.8870669603347778 0.04272864758968353 0.12608671188354492
0 0.7268439531326294 0.629918098449707 0.024389266967773438 0.10673743486404419
0 0.27723580598831177 0.6285721659660339 0.028884967789053917 0.10375484824180603
0 0.0804244801402092 0.5477064251899719 0.03363189473748207 0.10218268632888794
0 0.44618090987205505 0.3514569401741028 0.01884765550494194 0.07065381854772568
0 0.3424470126628876 0.49912363290786743 0.027017466723918915 0.09082520008087158
0 0.9489465951919556 0.44523146748542786 0.020972823724150658 0.10057658702135086
0 0.7138804197311401 0.3405436873435974 0.01643524132668972 0.08060526102781296
0 0.6822139620780945 0.46156689524650574 0.019828032702207565 0.08726769685745239
0 0.190708190202713 0.2881855070590973 0.022705698385834694 0.07232643663883209
0 0.29890239238739014 0.4960175156593323 0.020769406110048294 0.09522764384746552
0 0.12651734054088593 0.3783748149871826 0.027906648814678192 0.0840911865234375
0 0.8573814630508423 0.594001829624176 0.03187599033117294 0.10311861336231232
0 0.480351060628891 0.6273589134216309 0.042870521545410156 0.09493616968393326
0 0.5436191558837891 0.5504845380783081 0.01727752760052681 0.0597100704908371
0 0.4352681040763855 0.2591751515865326 0.01563568040728569 0.06775131076574326
0 0.5580056309700012 0.5562682151794434 0.03296979144215584 0.06468522548675537
0 0.21992285549640656 0.20310468971729279 0.016701746731996536 0.06800755858421326
0 0.12265624850988388 0.3752750754356384 0.022848455235362053 0.07949269562959671
0 0.47371166944503784 0.6287117004394531 0.02974224090576172 0.09615800529718399
