0 0.8442136645317078 0.6722765564918518 0.04477348178625107 0.09533318132162094
0 0.3404920697212219 0.6632180213928223 0.02776031568646431 0.09225260466337204
0 0.04148274287581444 0.46013715863227844 0.0235491581261158 0.06938710808753967
0 0.5815411806106567 0.5509911179542542 0.03163947910070419 0.07762569934129715
0 0.25185835361480713 0.48439422249794006 0.026639604941010475 0.06817149370908737
0 0.15828898549079895 0.45904800295829773 0.024481551721692085 0.07052405923604965
0 0.981716513633728 0.8693121075630188 0.03600425645709038 0.1388058066368103
0 0.3574483096599579 0.41079702973365784 0.023824691772460938 0.05700056254863739
0 0.6183754205703735 0.456105500459671 0.024394607171416283 0.06715653091669083
0 0.5590768456459045 0.40310990810394287 0.033098410815000534 0.07764163613319397
0 0.6878901124000549 0.465717613697052 0.027179718017578125 0.08149558305740356
0 0.4906291961669922 0.5354747772216797 0.02372417412698269 0.06608293205499649
0 0.40152454376220703 0.3189241886138916 0.016601212322711945 0.05859685689210892
0 0.5655949115753174 0.3981879949569702 0.01610412634909153 0.0704716145992279
0 0.9587658643722534 0.08949335664510727 0.04262542724609375 0.13443206250667572
