0 0.3158472776412964 0.6115787625312805 0.019169902428984642 0.09313897043466568
0 0.5145086646080017 0.6972396969795227 0.028397655114531517 0.10482482612133026
0 0.7880352139472961 0.7135843634605408 0.025551605969667435 0.1182284876704216
0 0.7272913455963135 0.6966686844825745 0.02249603345990181 0.09962565451860428
0 0.02867060899734497 0.6446421146392822 0.022175382822752 0.11009436845779419
0 0.483132004737854 0.5662001967430115 0.024223899468779564 0.09039866179227829
0 0.2211381494998932 0.5959998965263367 0.022665690630674362 0.09465230256319046
0 0.30237647891044617 0.452115535736084 0.028137588873505592 0.08507230132818222
0 0.6196359395980835 0.5762051939964294 0.019575119018554688 0.08435482531785965
0 0.1107960194349289 0.4267164468765259 0.03060131147503853 0.07521947473287582
0 0.1404263824224472 0.5737660527229309 0.020219754427671432 0.08460167795419693
0 0.42140722274780273 0.515365481376648 0.03157100826501846 0.08315751701593399
0 0.657509446144104 0.5427560806274414 0.022884368896484375 0.08413560688495636
0 0.663019061088562 0.5563645958900452 0.03150806576013565 0.0984429270029068
0 0.4185183346271515 0.5143056511878967 0.02193593978881836 0.07905510812997818
0 0.6674978137016296 0.5652588605880737 0.025086592882871628 0.10062391310930252
