0 0.7530583739280701 0.48358991742134094 0.02875194512307644 0.10420311987400055
0 0.8036535978317261 0.6528878808021545 0.022272873669862747 0.1065361276268959
0 0.7969195246696472 0.4096590280532837 0.019818050786852837 0.09130443632602692
0 0.6176131963729858 0.5720509886741638 0.022491900250315666 0.09631720930337906
0 0.9307306408882141 0.4943281412124634 0.029746245592832565 0.0953267440199852
0 0.5546370148658752 0.28631600737571716 0.0165544506162405 0.07788120210170746
0 0.4001066982746124 0.6315270066261292 0.02237609215080738 0.10930192470550537
0 0.5184656381607056 0.5481429100036621 0.019234847277402878 0.09906119108200073
0 0.5257408618927002 0.43387147784233093 0.016366831958293915 0.0884423702955246
0 0.4706297814846039 0.26129451394081116 0.01554794330149889 0.07596444338560104
0 0.7131363153457642 0.35749366879463196 0.018483733758330345 0.08789435774087906
0 0.49964770674705505 0.41959941387176514 0.019713878631591797 0.07566562294960022
0 0.5994032025337219 0.5500245094299316 0.0233154296875 0.09814470261335373
0 0.6955021619796753 0.3520148992538452 0.015320968814194202 0.0808752253651619
0 0.45244187116622925 0.5884130597114563 0.027556037530303 0.07997351884841919
0 0.27058061957359314 0.45884180068969727 0.018357181921601295 0.09114888310432434
0 0.08655329048633575 0.5597086548805237 0.03274045139551163 0.10326611250638962
0 0.44855180382728577 0.5881466269493103 0.01844339445233345 0.07912512868642807
0 0.6054717302322388 0.5544567108154297 0.03623657301068306 0.10973595827817917
0 0.39656171202659607 0.6151154637336731 0.016249656677246094 0.07125972956418991
0 0.45831984281539917 0.5718188285827637 0.018335532397031784 0.053055938333272934
