0 0.28165826201438904 0.8881642818450928 0.04199943691492081 0.14243802428245544
0 0.3400503695011139 0.4700947105884552 0.019817639142274857 0.09558359533548355
0 0.6993363499641418 0.6225156188011169 0.03745320811867714 0.10897629708051682
0 0.5955675840377808 0.689440906047821 0.02480621263384819 0.12207336723804474
0 0.03636930137872696 0.6383440494537354 0.028203677386045456 0.10820956528186798
0 0.14554543793201447 0.4903610348701477 0.029329776763916016 0.09991604834794998
0 0.16331039369106293 0.7079606652259827 0.02520880661904812 0.12598368525505066
0 0.049436260014772415 0.5590885877609253 0.022356944158673286 0.09778854995965958
0 0.2685557007789612 0.5647522211074829 0.02239046059548855 0.11391697824001312
0 0.4771905839443207 0.5696621537208557 0.028341293334960938 0.08550889790058136
0 0.5762986540794373 0.5539427995681763 0.022134970873594284 0.10428693145513535
0 0.6319238543510437 0.5422425270080566 0.019716644659638405 0.07764321565628052
0 0.6189848780632019 0.6067878007888794 0.01944344863295555 0.09859330952167511
