0 0.33286818861961365 0.7005624175071716 0.03936637192964554 0.1110619455575943
0 0.555091142654419 0.6610758900642395 0.026727167889475822 0.09879184514284134
0 0.7821021676063538 0.4251968264579773 0.014182154089212418 0.0787675678730011
0 0.8143249750137329 0.46595001220703125 0.03237845003604889 0.08070658892393112
0 0.6347530484199524 0.48683789372444153 0.015851974487304688 0.08670739084482193
0 0.1996418982744217 0.41857773065567017 0.025771887972950935 0.08766648918390274
0 0.43450671434402466 0.4806312918663025 0.025995444506406784 0.09018130600452423
0 0.5749379396438599 0.4629041850566864 0.025601768866181374 0.08335503190755844
0 0.9370397329330444 0.5716841816902161 0.023383712396025658 0.09708675742149353
0 0.25702103972435 0.5462071299552917 0.01649646833539009 0.07574310153722763
0 0.8436902165412903 0.600379228591919 0.018811989575624466 0.09772321581840515
0 0.3650016784667969 0.4027406573295593 0.03380241245031357 0.06401299685239792
0 0.23754353821277618 0.5283389687538147 0.02071561850607395 0.09255201369524002
0 0.5032886266708374 0.44380366802215576 0.020972633734345436 0.05891469493508339
0 0.704679548740387 0.3878253400325775 0.0230712890625 0.07067743688821793
0 0.5076486468315125 0.4443191587924957 0.029814338311553 0.0609830804169178
0 0.32564565539360046 0.701493501663208 0.025482941418886185 0.11367594450712204
0 0.4339655935764313 0.47908568382263184 0.01847820356488228 0.09158424288034439
0 0.6160484552383423 0.3874855041503906 0.019164467230439186 0.11562126874923706
0 0.6177693605422974 0.41466227173805237 0.015403556637465954 0.06737975776195526
