0 0.7007675170898438 0.5146687626838684 0.02628154680132866 0.06904584914445877
0 0.3775620460510254 0.520134687423706 0.01974773406982422 0.08996570855379105
0 0.04719776660203934 0.8029974102973938 0.03982992842793465 0.11397027224302292
0 0.8064272403717041 0.6951955556869507 0.029950331896543503 0.0917087122797966
0 0.656699001789093 0.4518386423587799 0.03197803348302841 0.08419483155012131
0 0.8418298959732056 0.7319497466087341 0.03663025051355362 0.10060373693704605
0 0.48745816946029663 0.48467662930488586 0.024114131927490234 0.07594551146030426
0 0.24045005440711975 0.3243807554244995 0.02588214911520481 0.05791846290230751
0 0.1793382316827774 0.5575684905052185 0.03008335456252098 0.08969505876302719
0 0.1316787600517273 0.44609352946281433 0.02175242081284523 0.07907525449991226
0 0.56620192527771 0.5228086113929749 0.02599099464714527 0.07834421843290329
0 0.38850390911102295 0.3493152856826782 0.02296457253396511 0.06282933801412582
0 0.6405556797981262 0.5782077312469482 0.03051013872027397 0.07821253687143326
0 0.4452230632305145 0.5422077775001526 0.019937515258789062 0.08265607059001923
0 0.9540573358535767 0.3952314853668213 0.023290634155273438 0.07018992304801941
0 0.27694380283355713 0.5015797019004822 0.02606034278869629 0.07437150925397873
