0 0.4572220742702484 0.6470291614532471 0.030666733160614967 0.09068665653467178
0 0.8155626058578491 0.47905561327934265 0.01559371966868639 0.08893432468175888
0 0.26570799946784973 0.5884678363800049 0.023477157577872276 0.09301978349685669
0 0.25410810112953186 0.48282453417778015 0.023659324273467064 0.09435119479894638
0 0.03711246699094772 0.5020509958267212 0.03024744801223278 0.0857686921954155
0 0.9393060803413391 0.6443583369255066 0.022011946886777878 0.10580800473690033
0 0.3215705156326294 0.402407169342041 0.015071392059326172 0.07550404965877533
0 0.3829135298728943 0.5245019793510437 0.022660953924059868 0.07749921828508377
0 0.580699622631073 0.5199142098426819 0.02271728590130806 0.08220876008272171
0 0.646359384059906 0.42875298857688904 0.015750695019960403 0.059592436999082565
0 0.7891367673873901 0.42404791712760925 0.019013086333870888 0.07049992680549622
0 0.6818687319755554 0.6229950785636902 0.023334121331572533 0.09503479301929474
0 0.6886813044548035 0.4787040948867798 0.016817856580018997 0.07689299434423447
0 0.4652537405490875 0.42089903354644775 0.017893219366669655 0.06212344765663147
