0 0.36617037653923035 0.9377059936523438 0.04185425490140915 0.1245880126953125
0 0.6874402165412903 0.4793414771556854 0.02481975592672825 0.09295465052127838
0 0.3315999209880829 0.6487724781036377 0.040461573749780655 0.1187542974948883
0 0.356896311044693 0.5041532516479492 0.018216514959931374 0.10422750562429428
0 0.503589928150177 0.3824789226055145 0.018278693780303 0.08425123244524002
0 0.04620016738772392 0.5950282216072083 0.029918299987912178 0.11752675473690033
0 0.8929384350776672 0.6602367758750916 0.03124389611184597 0.12040744721889496
0 0.21918649971485138 0.5183653831481934 0.02254333533346653 0.10632341355085373
0 0.8937799334526062 0.4921494722366333 0.030857086181640625 0.10600744187831879
0 0.014743177220225334 0.6470718383789062 0.026082118973135948 0.12713386118412018
0 0.3999093770980835 0.31525224447250366 0.019466526806354523 0.08234668523073196
0 0.11000177264213562 0.37824922800064087 0.02311735972762108 0.08922652900218964
0 0.18536905944347382 0.30380651354789734 0.016294479370117188 0.0793236643075943
0 0.4929782748222351 0.6805205345153809 0.030493546277284622 0.09365081787109375
0 0.8211910128593445 0.3998110294342041 0.018427658826112747 0.091605544090271
0 0.5583178400993347 0.5517758131027222 0.021274184808135033 0.07715900242328644
0 0.553643524646759 0.5678822994232178 0.035284996032714844 0.11027837544679642
0 0.5501410365104675 0.6035122871398926 0.03827053681015968 0.04622757434844971
0 0.010974886827170849 0.6550679802894592 0.02159259095788002 0.11002994328737259
0 0.5594232082366943 0.5651561617851257 0.024551009759306908 0.10801199823617935
0 0.19993430376052856 0.2304282784461975 0.014576053246855736 0.06780878454446793
