0 0.7908856868743896 0.6446622014045715 0.022271601483225822 0.09983520209789276
0 0.3863781690597534 0.5995929837226868 0.02195711061358452 0.08735080063343048
0 0.041046418249607086 0.6905812621116638 0.024392662569880486 0.11045176535844803
0 0.5592110753059387 0.6583499312400818 0.0350976325571537 0.09299129992723465
0 0.48309582471847534 0.5471998453140259 0.01827068254351616 0.0889146625995636
0 0.703908383846283 0.5259367823600769 0.02231038361787796 0.06779779493808746
0 0.3939569592475891 0.4883768856525421 0.025796476751565933 0.07174377143383026
0 0.8534698486328125 0.4857631027698517 0.019926834851503372 0.07636981457471848
0 0.15788711607456207 0.5109353065490723 0.02309279516339302 0.08830828964710236
0 0.6134845614433289 0.4096331298351288 0.017698287963867188 0.06753760576248169
0 0.4235258996486664 0.46993061900138855 0.018607521429657936 0.05827721580862999
0 0.993283212184906 0.41979551315307617 0.012556266970932484 0.06806530058383942
0 0.8518384695053101 0.3909687399864197 0.018085861578583717 0.06357421725988388
0 0.7779272794723511 0.4208812713623047 0.01541061419993639 0.055134836584329605
0 0.5542889833450317 0.6566432118415833 0.02532177045941353 0.09057430922985077
