0 0.7610470056533813 0.6299014687538147 0.053123410791158676 0.12059953808784485
0 0.9610399007797241 0.5596209764480591 0.03494872897863388 0.11168365180492401
0 0.3632511794567108 0.4577583074569702 0.02120027504861355 0.09533485025167465
0 0.809326708316803 0.47968432307243347 0.02446524240076542 0.11250582337379456
0 0.5997657179832458 0.6286762952804565 0.020652389153838158 0.11542505025863647
0 0.1742081344127655 0.38244596123695374 0.023523950949311256 0.09327773749828339
0 0.4865543246269226 0.5170689225196838 0.01808157004415989 0.09521094709634781
0 0.6950368285179138 0.41655436158180237 0.020256806164979935 0.10281363874673843
0 0.5104904174804688 0.3276057541370392 0.017310619354248047 0.07175301760435104
0 0.20562371611595154 0.4869137108325958 0.03048076666891575 0.09092254936695099
0 0.7332974672317505 0.5236623883247375 0.017268307507038116 0.10585121065378189
0 0.6851562857627869 0.5138506889343262 0.01940002478659153 0.10620066523551941
0 0.838309645652771 0.4668453633785248 0.015399170108139515 0.09970072656869888
0 0.31855836510658264 0.40468454360961914 0.021663760766386986 0.09215443581342697
0 0.008566892705857754 0.5638026595115662 0.017094669863581657 0.10558929294347763
0 0.2955586612224579 0.3933996558189392 0.022551631554961205 0.07766282558441162
0 0.3927517831325531 0.2792731821537018 0.014902877621352673 0.0706513300538063
0 0.49983254075050354 0.2608494460582733 0.014644813723862171 0.03786536306142807
0 0.7445257306098938 0.23761670291423798 0.01529846154153347 0.044381968677043915
0 0.5989345908164978 0.4951913356781006 0.03919219970703125 0.09956274926662445
0 0.5960624814033508 0.4189455509185791 0.017112795263528824 0.06564000248908997
0 0.5962416529655457 0.4764035940170288 0.026150893419981003 0.07192162424325943
