0 0.26647207140922546 0.7665706872940063 0.025454696267843246 0.13699612021446228
0 0.638363242149353 0.5048928260803223 0.01993999443948269 0.09373386204242706
0 0.07176341861486435 0.7325083613395691 0.02030043676495552 0.12681986391544342
0 0.334820955991745 0.5561134815216064 0.023576926440000534 0.10704633593559265
0 0.30950692296028137 0.5860660672187805 0.023514652624726295 0.10584987699985504
0 0.008854608051478863 0.5379804372787476 0.017702313140034676 0.10464398562908173
0 0.5252028107643127 0.5478418469429016 0.02551736868917942 0.14001566171646118
0 0.3672421872615814 0.5084699392318726 0.014689636416733265 0.10817953199148178
0 0.21838831901550293 0.6430026888847351 0.025776004418730736 0.1151936873793602
0 0.1449745148420334 0.5362386107444763 0.017028426751494408 0.10885416716337204
0 0.2975273132324219 0.46976256370544434 0.019477272406220436 0.09961680322885513
0 0.505921483039856 0.4719955325126648 0.01577320136129856 0.09877116233110428
0 0.27400100231170654 0.4772520959377289 0.02224125899374485 0.09112410247325897
0 0.12220277637243271 0.4275248348712921 0.02327268198132515 0.09386426955461502
