0 0.8514083623886108 0.630052924156189 0.02706451341509819 0.10089552402496338
0 0.10646474361419678 0.6820203065872192 0.034983061254024506 0.09481099247932434
0 0.6095690131187439 0.6391201615333557 0.036052703857421875 0.082427978515625
0 0.4553479254245758 0.5799887180328369 0.023334313184022903 0.08073475956916809
0 0.45491695404052734 0.46624457836151123 0.018699264153838158 0.06702897697687149
0 0.152988463640213 0.9807071089744568 0.022368382662534714 0.03858574852347374
0 0.9320554733276367 0.4677002727985382 0.021036911755800247 0.07295142114162445
0 0.22894364595413208 0.49257445335388184 0.021012211218476295 0.08284841477870941
0 0.5431539416313171 0.5316442847251892 0.020154189318418503 0.0872325748205185
0 0.4579969346523285 0.46685680747032166 0.025759506970643997 0.07121937721967697
0 0.9463062286376953 0.3883439898490906 0.017563248053193092 0.06217312440276146
0 0.7629353404045105 0.509010374546051 0.024232864379882812 0.07673017680644989
0 0.6844617128372192 0.3872378170490265 0.015005937777459621 0.06436411291360855
0 0.7605655789375305 0.5033257603645325 0.019575119018554688 0.06279805302619934
0 0.10025878995656967 0.6822952628135681 0.023181676864624023 0.09394954890012741
0 0.8547496795654297 0.399596244096756 0.017220687121152878 0.06042192131280899
0 0.6043806672096252 0.6379486918449402 0.02726319618523121 0.07996198534965515
0 0.5000887513160706 0.45658445358276367 0.017072295770049095 0.06748612225055695
0 0.5678001642227173 0.3763820230960846 0.016364287585020065 0.05454118549823761
