0 0.7839621305465698 0.795387327671051 0.03271045535802841 0.15305599570274353
0 0.5129737854003906 0.5830420255661011 0.02649822272360325 0.13018867373466492
0 0.5731952786445618 0.5324141383171082 0.024424171075224876 0.13006006181240082
0 0.2704450488090515 0.8068966269493103 0.03562105447053909 0.14655998349189758
0 0.6748039126396179 0.712881326675415 0.03201637417078018 0.14745008945465088
0 0.868796169757843 0.6093810200691223 0.032961655408144 0.13419415056705475
0 0.8210343718528748 0.3899345397949219 0.024724388495087624 0.1098073348402977
0 0.7019098997116089 0.4318069517612457 0.021500587463378906 0.16723138093948364
0 0.5696062445640564 0.7109944820404053 0.0395265594124794 0.13184854388237
0 0.9848537445068359 0.6433925032615662 0.029745101928710938 0.13699933886528015
0 0.690114438533783 0.6323913335800171 0.02797679975628853 0.09855205565690994
0 0.47981390357017517 0.40160319209098816 0.020431041717529297 0.09840155392885208
0 0.5511582493782043 0.6318408846855164 0.03022022172808647 0.12797212600708008
0 0.6904051899909973 0.6504485011100769 0.030361557379364967 0.1384357064962387
0 0.442116379737854 0.3690873086452484 0.021767806261777878 0.05690256878733635
0 0.707848846912384 0.4335014224052429 0.03616555407643318 0.16442786157131195
