0 0.8155479431152344 0.7707266807556152 0.02677001990377903 0.1191253662109375
0 0.39533868432044983 0.5442720651626587 0.039533328264951706 0.08309394121170044
0 0.07564102858304977 0.7220022678375244 0.029176879674196243 0.10395355522632599
0 0.7289360165596008 0.6545891761779785 0.02208251878619194 0.10480646044015884
0 0.7737178802490234 0.4018588066101074 0.020682334899902344 0.07810058444738388
0 0.24475303292274475 0.5537930130958557 0.023610401898622513 0.07787153124809265
0 0.3848892152309418 0.46013668179512024 0.02212371863424778 0.08073210716247559
0 0.32606467604637146 0.40855178236961365 0.029232215136289597 0.0755293071269989
0 0.9680148959159851 0.9391854405403137 0.03652458265423775 0.12155185639858246
0 0.32907530665397644 0.4030866026878357 0.01894540712237358 0.06821170449256897
0 0.46044522523880005 0.45351263880729675 0.030472183600068092 0.0757257267832756
0 0.46500423550605774 0.45333048701286316 0.01998300477862358 0.07546352595090866
0 0.0739360898733139 0.4468783140182495 0.023428626358509064 0.07606320083141327
0 0.03186808153986931 0.3186681568622589 0.020141441375017166 0.06339597702026367
0 0.9744214415550232 0.9386889338493347 0.02520160749554634 0.12144453078508377
0 0.12129831314086914 0.33435362577438354 0.014991355128586292 0.06325904279947281
