0 0.7522497773170471 0.6913342475891113 0.024925358593463898 0.12166493386030197
0 0.7028191685676575 0.5432810187339783 0.02200756035745144 0.10594618320465088
0 0.5202373266220093 0.5304803252220154 0.041307609528303146 0.09505705535411835
0 0.39019376039505005 0.7623343467712402 0.026675891131162643 0.1280839741230011
0 0.8484693765640259 0.573813796043396 0.020685195922851562 0.10841131955385208
0 0.8525394201278687 0.3500792384147644 0.019065285101532936 0.08422599732875824
0 0.5761211514472961 0.49153217673301697 0.028727276250720024 0.09866298735141754
0 0.6612369418144226 0.5881995558738708 0.018199730664491653 0.11557888239622116
0 0.44863471388816833 0.6090167164802551 0.03197288513183594 0.09960688650608063
0 0.6848858594894409 0.4138568341732025 0.023320769891142845 0.08827023208141327
0 0.5024521946907043 0.6314736604690552 0.04901923984289169 0.08912709355354309
0 0.74146968126297 0.3793492019176483 0.02363872528076172 0.08553178608417511
0 0.46098995208740234 0.3672749400138855 0.028075123205780983 0.09716347604990005
