0 0.16113635897636414 0.5946457982063293 0.033804796636104584 0.10088139027357101
0 0.4634508788585663 0.8919284343719482 0.044806577265262604 0.1407090425491333
0 0.8974816799163818 0.7629480957984924 0.0233598705381155 0.12603759765625
0 0.562436044216156 0.5039585828781128 0.021004866808652878 0.09368371218442917
0 0.2266506552696228 0.5285519361495972 0.02209773100912571 0.09615891426801682
0 0.5983607172966003 0.44689637422561646 0.029586918652057648 0.09236755222082138
0 0.3737561106681824 0.5449568033218384 0.020796775817871094 0.09651964157819748
0 0.7527904510498047 0.5937833189964294 0.019272232428193092 0.10432750731706619
0 0.4206360876560211 0.4817434847354889 0.02835407294332981 0.06739078462123871
0 0.1911020278930664 0.4826028347015381 0.01671309396624565 0.09366811066865921
0 0.5538780093193054 0.41427335143089294 0.01667308807373047 0.06596705317497253
0 0.3627272844314575 0.42705562710762024 0.01728076860308647 0.07450069487094879
0 0.3807913661003113 0.46822652220726013 0.020841408520936966 0.07357844710350037
0 0.36295682191848755 0.4165020287036896 0.016827106475830078 0.05434977263212204
0 0.4321848750114441 0.41909000277519226 0.0190290454775095 0.07262081652879715
0 0.5565812587738037 0.42199480533599854 0.020258139818906784 0.07854478806257248
