0 0.3284851312637329 0.4643099308013916 0.020530827343463898 0.09348514676094055
0 0.16564922034740448 0.7162012457847595 0.024651098996400833 0.13256904482841492
0 0.2748277485370636 0.9102337956428528 0.036825451999902725 0.14704279601573944
0 0.16641561686992645 0.4838188886642456 0.025870610028505325 0.09462396055459976
0 0.055215463042259216 0.5587454438209534 0.022126512601971626 0.10969289392232895
0 0.5908403396606445 0.6996341347694397 0.023487472906708717 0.12221170961856842
0 0.02087799459695816 0.639755129814148 0.028966613113880157 0.11033228784799576
0 0.48093366622924805 0.560799241065979 0.02647418901324272 0.11399078369140625
0 0.277336061000824 0.5729682445526123 0.023958683013916016 0.11540832370519638
0 0.6342434287071228 0.6182016134262085 0.029460780322551727 0.10726131498813629
0 0.587924599647522 0.5493862628936768 0.024985695257782936 0.12208438664674759
0 0.690472424030304 0.6189059615135193 0.023753738030791283 0.10501217097043991
0 0.6433343887329102 0.5456650257110596 0.023047257214784622 0.09997796267271042
