0 0.16438770294189453 0.5633464455604553 0.021521855145692825 0.08833804726600647
0 0.41812485456466675 0.46974271535873413 0.018251990899443626 0.09197308868169785
0 0.8302026987075806 0.4484228193759918 0.015932083129882812 0.0923362746834755
0 0.43784400820732117 0.6366820931434631 0.025391483679413795 0.10454078763723373
0 0.6981943845748901 0.4873071312904358 0.021120453253388405 0.09055884927511215
0 0.6290002465248108 0.6439279913902283 0.02583344839513302 0.10386572778224945
0 0.7351292967796326 0.389635294675827 0.019902611151337624 0.08883734792470932
0 0.9082725644111633 0.5775077939033508 0.0261077880859375 0.10617902129888535
0 0.5019801259040833 0.46612706780433655 0.019229507073760033 0.08495797216892242
0 0.7838643193244934 0.4144108295440674 0.015029271133244038 0.0825890451669693
0 0.6036626100540161 0.45917850732803345 0.02420635148882866 0.08449198305606842
0 0.2276999056339264 0.3786967694759369 0.0188580509275198 0.0672454833984375
0 0.3769245445728302 0.5258995890617371 0.023621559143066406 0.0863749161362648
0 0.9952391386032104 0.551643431186676 0.008778381161391735 0.10784494131803513
0 0.6163244843482971 0.38028234243392944 0.02423877641558647 0.10062120109796524
0 0.49348336458206177 0.2730504274368286 0.0154876708984375 0.06054161861538887
0 0.4380304217338562 0.38805803656578064 0.01983022689819336 0.07513020932674408
0 0.6252238750457764 0.36314424872398376 0.020644886419177055 0.1294478476047516
0 0.6076376438140869 0.45935776829719543 0.023626327514648438 0.08959833532571793
0 0.6218923926353455 0.36799684166908264 0.023760223761200905 0.13324126601219177
0 0.6137107610702515 0.36862531304359436 0.01932710036635399 0.07971259206533432
0 0.6205241084098816 0.40494078397750854 0.015550041571259499 0.06974470615386963
