0 0.7327364683151245 0.4964723289012909 0.021690940484404564 0.0934990793466568
0 0.9243539571762085 0.689115047454834 0.02384033240377903 0.1187913715839386
0 0.2516677975654602 0.4119430482387543 0.026076029986143112 0.08169505000114441
0 0.36350804567337036 0.654872477054596 0.02952546998858452 0.10424431413412094
0 0.6786787509918213 0.7184048891067505 0.01896362379193306 0.12422824651002884
0 0.39995893836021423 0.6202906966209412 0.024580923840403557 0.10610859841108322
0 0.04618044197559357 0.8337268829345703 0.04223768785595894 0.14071299135684967
0 0.8233582973480225 0.589480996131897 0.02691326104104519 0.1332920789718628
0 0.8575770258903503 0.7090858817100525 0.022341156378388405 0.12213931977748871
0 0.7120296359062195 0.48911747336387634 0.015832137316465378 0.09322100132703781
0 0.44432640075683594 0.4650489091873169 0.017157936468720436 0.08219889551401138
0 0.12379738688468933 0.4905557632446289 0.042813658714294434 0.09168071299791336
0 0.482077032327652 0.5510627031326294 0.01830272749066353 0.09754825383424759
0 0.517244815826416 0.39738401770591736 0.024304961785674095 0.08804600685834885
0 0.11800076812505722 0.48967838287353516 0.030297089368104935 0.08654807507991791
0 0.13889816403388977 0.41208767890930176 0.020316313952207565 0.08537190407514572
0 0.3973328769207001 0.35084015130996704 0.01714213751256466 0.06913350522518158
0 0.4092782139778137 0.46062028408050537 0.024987410753965378 0.07318230718374252
0 0.5512511730194092 0.3726331889629364 0.02057647705078125 0.05366702750325203
