0 0.6995835900306702 0.7569206953048706 0.04684314876794815 0.16918113827705383
0 0.9489759206771851 0.8319995403289795 0.06873703002929688 0.17864447832107544
0 0.8997615575790405 0.5914903283119202 0.031113434582948685 0.14230380952358246
0 0.7990671396255493 0.3484373986721039 0.027088165283203125 0.11575359851121902
0 0.3819555342197418 0.8970798254013062 0.048111725598573685 0.15319281816482544
0 0.6466895937919617 0.6657819747924805 0.03556334227323532 0.15723538398742676
0 0.7668355107307434 0.7522974014282227 0.04361031949520111 0.16013188660144806
0 0.7939593195915222 0.7045681476593018 0.03653564304113388 0.16405707597732544
0 0.8673784136772156 0.3552843928337097 0.025105666369199753 0.11715596169233322
0 0.7569666504859924 0.4519682228565216 0.031059520319104195 0.13001742959022522
0 0.5295761227607727 0.34305816888809204 0.02022247388958931 0.1060582771897316
0 0.6328226327896118 0.5285617709159851 0.025518417358398438 0.1384141445159912
0 0.48492059111595154 0.599324643611908 0.02315235137939453 0.15491384267807007
0 0.7929114699363708 0.7362433671951294 0.038334909826517105 0.10235799103975296
