0 0.7196134924888611 0.5454117059707642 0.024047279730439186 0.09519144892692566
0 0.3608277142047882 0.75881427526474 0.030009746551513672 0.10430518537759781
0 0.8114485144615173 0.8642160892486572 0.03321056440472603 0.1274171620607376
0 0.7057190537452698 0.6142404079437256 0.01878204382956028 0.10281015932559967
0 0.8673897981643677 0.5166903138160706 0.02022686041891575 0.08643084019422531
0 0.8299410343170166 0.42735040187835693 0.02105388604104519 0.07933586835861206
0 0.4600284695625305 0.6846064925193787 0.032880593091249466 0.10368550568819046
0 0.9890424609184265 0.5197620987892151 0.020788956433534622 0.08971523493528366
0 0.9912670254707336 0.35888323187828064 0.016660690307617188 0.06723921000957489
0 0.45638370513916016 0.34949925541877747 0.018456269055604935 0.05937957763671875
0 0.4597610533237457 0.6731154322624207 0.028580283746123314 0.08132392168045044
0 0.4581023156642914 0.6645895838737488 0.023438071832060814 0.0650499165058136
