0 0.732571542263031 0.6382977366447449 0.036345165222883224 0.10228542983531952
0 0.5550379157066345 0.4814099371433258 0.02975158765912056 0.08956078439950943
0 0.48900020122528076 0.6144172549247742 0.047255419194698334 0.09737887978553772
0 0.39906203746795654 0.37285974621772766 0.032851506024599075 0.06859105080366135
0 0.5015547275543213 0.7921642065048218 0.028621196746826172 0.10760819911956787
0 0.9326038360595703 0.6364768743515015 0.0367252342402935 0.11049126833677292
0 0.37599241733551025 0.52060467004776 0.03829803317785263 0.08296441286802292
0 0.10811762511730194 0.8993555307388306 0.04137272760272026 0.10727589577436447
0 0.9835609197616577 0.4788641929626465 0.02528686448931694 0.08758782595396042
0 0.42402490973472595 0.5059674382209778 0.0377102866768837 0.08214162290096283
0 0.6263487339019775 0.47514259815216064 0.02426128461956978 0.07809041440486908
0 0.48715272545814514 0.2756446599960327 0.029036998748779297 0.06288395822048187
0 0.7242606282234192 0.3443375527858734 0.026628876104950905 0.06867370754480362
0 0.8915203213691711 0.5468371510505676 0.03705024719238281 0.06984744966030121
0 0.16294033825397491 0.7228124141693115 0.030646275728940964 0.0999688059091568
