0 0.6744963526725769 0.44556179642677307 0.03201599046587944 0.07885603606700897
0 0.1567416489124298 0.3527773916721344 0.016798829659819603 0.06547495722770691
0 0.7147186398506165 0.5712864398956299 0.020308367908000946 0.08598446100950241
0 0.9086850881576538 0.4808698892593384 0.026247024536132812 0.08905232697725296
0 0.5140100717544556 0.6555885672569275 0.03414116054773331 0.09095679223537445
0 0.8594152927398682 0.5797825455665588 0.03824196010828018 0.09461618959903717
0 0.8688583374023438 0.3702629506587982 0.017063140869140625 0.07496456801891327
0 0.5177254676818848 0.5894201397895813 0.03553295135498047 0.10154074430465698
0 0.8537490963935852 0.5797930955886841 0.02607269212603569 0.09238637238740921
0 0.9611934423446655 0.37431859970092773 0.01906127855181694 0.06300964206457138
0 0.5146616101264954 0.5838832259178162 0.02725524827837944 0.09007025510072708
