0 0.4353484511375427 0.5455636382102966 0.03416891023516655 0.08068779855966568
0 0.3870770335197449 0.4064408242702484 0.029627228155732155 0.07849070429801941
0 0.8551998138427734 0.4027930498123169 0.029208755120635033 0.0782846212387085
0 0.7485609650611877 0.6609542369842529 0.028696060180664062 0.09367624670267105
0 0.3060496747493744 0.5488117933273315 0.025106843560934067 0.07778523862361908
0 0.8529096841812134 0.7987217903137207 0.045307159423828125 0.11413726955652237
0 0.14014504849910736 0.7032594084739685 0.026986265555024147 0.10054270178079605
0 0.5203317999839783 0.4609851539134979 0.03175656124949455 0.07586412876844406
0 0.44005289673805237 0.45939311385154724 0.02490234375 0.07375425845384598
0 0.1506061553955078 0.4339697062969208 0.021337414160370827 0.05983344092965126
0 0.19811198115348816 0.32900363206863403 0.01723189279437065 0.061547089368104935
0 0.06193714961409569 0.5068058967590332 0.03172117471694946 0.07740385085344315
0 0.06595711410045624 0.5043220520019531 0.02292170561850071 0.07082686573266983
0 0.4420439600944519 0.5432668924331665 0.021128464490175247 0.07503780722618103
0 0.7525457739830017 0.6593665480613708 0.019875017926096916 0.09297705441713333
