0 0.8076664209365845 0.45611241459846497 0.01900482177734375 0.08993038535118103
0 0.6337800621986389 0.4873571991920471 0.015761056914925575 0.08538182824850082
0 0.20037874579429626 0.4064684212207794 0.02385406568646431 0.07422392070293427
0 0.7715451121330261 0.42369452118873596 0.020641326904296875 0.07523363083600998
0 0.35373714566230774 0.689290463924408 0.032941341400146484 0.11448641121387482
0 0.84686678647995 0.5926765203475952 0.023366164416074753 0.1000790074467659
0 0.9414709210395813 0.5666989684104919 0.024792861193418503 0.09245588630437851
0 0.4283143877983093 0.4769231081008911 0.022561263293027878 0.08728482574224472
0 0.5630618929862976 0.6563661694526672 0.024447696283459663 0.0975063219666481
0 0.7017072439193726 0.3880214989185333 0.017407607287168503 0.07382117211818695
0 0.2474510222673416 0.52857905626297 0.029067326337099075 0.09111633151769638
0 0.23640283942222595 0.5346563458442688 0.023083020001649857 0.08378312736749649
0 0.572216272354126 0.4581494629383087 0.023261260241270065 0.08596818894147873
0 0.24276761710643768 0.5335879921913147 0.0366053581237793 0.0874626412987709
0 0.509324848651886 0.4459648132324219 0.03026885911822319 0.06748979538679123
0 0.5594741702079773 0.655052125453949 0.016497738659381866 0.09767162054777145
0 0.6070012450218201 0.40698403120040894 0.01977100409567356 0.08706953376531601
0 0.6096997857093811 0.4160884618759155 0.014887047000229359 0.07017050683498383
0 0.5693875551223755 0.4532661437988281 0.015234819613397121 0.07897966355085373
0 0.25057676434516907 0.5264034867286682 0.018459845334291458 0.0865732803940773
