0 0.2711280882358551 0.7266098856925964 0.03896702080965042 0.10651618242263794
0 0.24198918044567108 0.5342208743095398 0.026501942425966263 0.09215833991765976
0 0.8357139825820923 0.6130203604698181 0.024245072156190872 0.10146625339984894
0 0.4442380368709564 0.49442851543426514 0.020891856402158737 0.08400367200374603
0 0.9182752370834351 0.577491819858551 0.019957352429628372 0.09336214512586594
0 0.28114667534828186 0.568043053150177 0.019344806671142578 0.07892896980047226
0 0.5375982522964478 0.6674922108650208 0.019771575927734375 0.09245215356349945
0 0.2046193778514862 0.4349116086959839 0.017313670367002487 0.0689493790268898
0 0.47005385160446167 0.4578370749950409 0.016768265515565872 0.06401991844177246
0 0.5816523432731628 0.466177374124527 0.014932632446289062 0.08801521360874176
0 0.6290692687034607 0.4921222925186157 0.019092369824647903 0.0847606211900711
0 0.31128278374671936 0.42340415716171265 0.022057820111513138 0.06935331225395203
0 0.6977460980415344 0.38584068417549133 0.022229766473174095 0.07314351201057434
0 0.6956560611724854 0.3845745623111725 0.015439096838235855 0.0735439732670784
0 0.8053367733955383 0.4489341676235199 0.02794920653104782 0.08974491059780121
0 0.8029367327690125 0.43856287002563477 0.023116683587431908 0.074805848300457
0 0.6286122798919678 0.45357003808021545 0.02095470391213894 0.15856269001960754
0 0.07094142585992813 0.2903059720993042 0.015552890487015247 0.060440488159656525
0 0.6275553107261658 0.405397891998291 0.017855072394013405 0.1165754497051239
