0 0.900657057762146 0.8326997756958008 0.047243881970644 0.17427775263786316
0 0.32899364829063416 0.884594738483429 0.05278154835104942 0.15971843898296356
0 0.7495895028114319 0.45220863819122314 0.028221385553479195 0.1356884092092514
0 0.631848931312561 0.654495894908905 0.04059886932373047 0.1455247700214386
0 0.854934811592102 0.36375144124031067 0.028345298022031784 0.11823077499866486
0 0.4983377456665039 0.5974438786506653 0.02028808556497097 0.15905389189720154
0 0.7695195078849792 0.6963586807250977 0.03782463073730469 0.16673023998737335
0 0.7019051909446716 0.756169319152832 0.02934436872601509 0.16961941123008728
0 0.9027624130249023 0.6082417964935303 0.04522056505084038 0.1406453400850296
0 0.6151944994926453 0.5293497443199158 0.029393767938017845 0.14802667498588562
0 0.7240313291549683 0.7455812692642212 0.023592567071318626 0.15236850082874298
0 0.5323017239570618 0.35805001854896545 0.02127167396247387 0.10532650351524353
0 0.7582982778549194 0.3548792600631714 0.024895478039979935 0.09663696587085724
