0 0.8943111300468445 0.7848822474479675 0.03180694580078125 0.12780626118183136
0 0.9587661623954773 0.7317810654640198 0.030501555651426315 0.11561720073223114
0 0.7868427038192749 0.5299381613731384 0.02252941206097603 0.09715474396944046
0 0.4763868451118469 0.48435571789741516 0.023058224469423294 0.089815154671669
0 0.1294146031141281 0.4948906898498535 0.01733020879328251 0.09270494431257248
0 0.7586182355880737 0.5079662203788757 0.020214080810546875 0.09621395170688629
0 0.7154616117477417 0.7405339479446411 0.016389591619372368 0.1248033344745636
0 0.5255880951881409 0.5658083558082581 0.028308836743235588 0.10055185854434967
0 0.280914306640625 0.41810405254364014 0.017574405297636986 0.08472442626953125
0 0.03839963302016258 0.8586301207542419 0.039286572486162186 0.14042748510837555
0 0.4336159825325012 0.4637003540992737 0.016300391405820847 0.07845880091190338
0 0.15612608194351196 0.4227803647518158 0.019861984997987747 0.08714532107114792
0 0.5213974118232727 0.4008199870586395 0.020240211859345436 0.07991909235715866
0 0.851657509803772 0.6088316440582275 0.03378181532025337 0.13479343056678772
0 0.40042439103126526 0.6549700498580933 0.02134675905108452 0.1121116355061531
0 0.8481467962265015 0.6222204566001892 0.027754973620176315 0.10743125528097153
0 0.3838273882865906 0.6800934672355652 0.020977241918444633 0.10069122165441513
0 0.5535157322883606 0.374864786863327 0.015852419659495354 0.05854492262005806
0 0.43079230189323425 0.35798636078834534 0.013257885351777077 0.06840921938419342
0 0.39507660269737244 0.6692385077476501 0.02953796461224556 0.11406131088733673
0 0.43151792883872986 0.34741702675819397 0.016379928216338158 0.08452817797660828
0 0.1270916908979416 0.5013123750686646 0.01944536343216896 0.08333587646484375
