0 0.6216087341308594 0.8463872671127319 0.039592742919921875 0.12627562880516052
0 0.9250940084457397 0.6218036413192749 0.04015006870031357 0.1013302281498909
0 0.5399032831192017 0.5509700179100037 0.016191640868782997 0.09552900493144989
0 0.6598968505859375 0.4967789351940155 0.029654312878847122 0.09522337466478348
0 0.8318672180175781 0.5199806690216064 0.021717071533203125 0.08970320224761963
0 0.7371693253517151 0.5424768328666687 0.030654525384306908 0.09352365881204605
0 0.3887971341609955 0.6630226373672485 0.029340267181396484 0.09143320471048355
0 0.8750495910644531 0.6664302349090576 0.021172333508729935 0.11131676286458969
0 0.7353509664535522 0.42228004336357117 0.015716552734375 0.07906629890203476
0 0.8482696413993835 0.3844098150730133 0.03239116817712784 0.07538799941539764
0 0.41596895456314087 0.6420785188674927 0.022135447710752487 0.0844377875328064
0 0.95465087890625 0.33103570342063904 0.021918868646025658 0.05762976035475731
0 0.5069172978401184 0.3732907474040985 0.02043943479657173 0.08200683444738388
0 0.9557064175605774 0.3352932929992676 0.02823638916015625 0.06514612585306168
0 0.8458970785140991 0.3801994025707245 0.0217742919921875 0.0685574859380722
