0 0.6885443329811096 0.6690137982368469 0.04132251814007759 0.11822068691253662
0 0.28783950209617615 0.4977477490901947 0.03095216676592827 0.09188653528690338
0 0.6374498009681702 0.6469409465789795 0.02183431014418602 0.11805080622434616
0 0.5572741627693176 0.33853456377983093 0.019035212695598602 0.0841115340590477
0 0.33468806743621826 0.41869813203811646 0.024610232561826706 0.09229329228401184
0 0.908709704875946 0.5080779194831848 0.0267333984375 0.1118798702955246
0 0.7626195549964905 0.4429527223110199 0.0229530967772007 0.10331946611404419
0 0.2931976318359375 0.402649849653244 0.023776913061738014 0.09221496433019638
0 0.1090463399887085 0.5511294603347778 0.018280696123838425 0.0994483083486557
0 0.6019125580787659 0.49160507321357727 0.02106952667236328 0.08986952155828476
0 0.5329040884971619 0.43992501497268677 0.026154296472668648 0.08183862268924713
0 0.9712038636207581 0.5076512694358826 0.026886750012636185 0.10697408765554428
0 0.7962519526481628 0.5484201908111572 0.02194671705365181 0.11357823014259338
0 0.22159528732299805 0.41645023226737976 0.02470846101641655 0.07519446313381195
0 0.840875506401062 0.5488356947898865 0.018831824883818626 0.11167721450328827
0 0.6932923793792725 0.46705886721611023 0.02002697065472603 0.09676408767700195
0 0.8213344812393188 0.5328636765480042 0.026169586926698685 0.11224907636642456
0 0.45207327604293823 0.30438873171806335 0.015346241183578968 0.06437943130731583
0 0.5827513337135315 0.28725993633270264 0.014958444982767105 0.039340972900390625
