0 0.8102059960365295 0.8130609393119812 0.03409099578857422 0.15720604360103607
0 0.27480778098106384 0.8315779566764832 0.04130113869905472 0.15059170126914978
0 0.5097612142562866 0.5897827744483948 0.03362903743982315 0.1395212858915329
0 0.6857288479804993 0.732098400592804 0.03450997546315193 0.15568305552005768
0 0.5795883536338806 0.5256666541099548 0.027434539049863815 0.1274690181016922
0 0.826351523399353 0.38477402925491333 0.023151015862822533 0.11012047529220581
0 0.7120863795280457 0.45783495903015137 0.02730477601289749 0.12737205624580383
0 0.8772737383842468 0.6171676516532898 0.02798156812787056 0.13414612412452698
0 0.6085531711578369 0.7241958379745483 0.03955497592687607 0.1437496542930603
0 0.5760380029678345 0.6326115131378174 0.028467368334531784 0.13921700417995453
0 0.9855048060417175 0.6416944861412048 0.028316687792539597 0.13700658082962036
0 0.49597880244255066 0.38735249638557434 0.018253231421113014 0.11024763435125351
0 0.7108834385871887 0.6718796491622925 0.025494957342743874 0.15226106345653534
0 0.709219217300415 0.38300350308418274 0.025022506713867188 0.09243892878293991
