0 0.30266883969306946 0.4104413390159607 0.020303059369325638 0.0841420516371727
0 0.45628872513771057 0.5840959548950195 0.020201683044433594 0.09988979995250702
0 0.5882664918899536 0.3608900308609009 0.020237158983945847 0.08938109874725342
0 0.6812912225723267 0.4697229266166687 0.02345428429543972 0.09538014978170395
0 0.3989672064781189 0.4366506040096283 0.019573021680116653 0.09198419004678726
0 0.3699037432670593 0.6022815704345703 0.02723112143576145 0.09328935295343399
0 0.4016781747341156 0.5686609148979187 0.020108986645936966 0.08521338552236557
0 0.7415945529937744 0.6225177049636841 0.01808961294591427 0.10975121706724167
0 0.7033731341362 0.41641658544540405 0.015873337164521217 0.09453091025352478
0 0.5684128999710083 0.35921064019203186 0.01757030561566353 0.08484802395105362
0 0.8293790817260742 0.49573132395744324 0.022977065294981003 0.09939064085483551
0 0.3081039488315582 0.27903231978416443 0.015851497650146484 0.07734965533018112
0 0.10970139503479004 0.39853787422180176 0.024463756009936333 0.15175558626651764
0 0.9031875729560852 0.3321106731891632 0.024811172857880592 0.09154731035232544
0 0.4114193022251129 0.2927345037460327 0.01659412309527397 0.07556144148111343
0 0.3702368140220642 0.5814743638038635 0.027913475409150124 0.13648100197315216
0 0.48553431034088135 0.529420793056488 0.025473976507782936 0.09311693161725998
