0 0.6569976806640625 0.458120733499527 0.041584331542253494 0.09056003391742706
0 0.8922842144966125 0.48929670453071594 0.021146774291992188 0.09006153047084808
0 0.8581920862197876 0.37894007563591003 0.02104949951171875 0.06794959306716919
0 0.8198684453964233 0.592280387878418 0.027573013678193092 0.10093654692173004
0 0.6937779784202576 0.5901781320571899 0.03525301441550255 0.09217359870672226
0 0.6880881190299988 0.5899648666381836 0.023320961743593216 0.09066127985715866
0 0.5207268595695496 0.641552746295929 0.02339925803244114 0.09095374494791031
0 0.5118066072463989 0.5913465619087219 0.029447555541992188 0.10108625888824463
0 0.5147112011909485 0.610054612159729 0.028190230950713158 0.138014554977417
0 0.9499223828315735 0.38135018944740295 0.020131301134824753 0.07057292014360428
0 0.948939323425293 0.3776860535144806 0.014917373657226562 0.06311391294002533
0 0.6514018774032593 0.4551379680633545 0.029932022094726562 0.0850326269865036
0 0.5141873359680176 0.5759420990943909 0.022216033190488815 0.06946190446615219
