0 0.8042746186256409 0.4759428799152374 0.017765427008271217 0.08577796071767807
0 0.23146629333496094 0.4697253704071045 0.014954471960663795 0.07848680019378662
0 0.9340055584907532 0.6365464329719543 0.01922454871237278 0.10466602444648743
0 0.28386592864990234 0.5846701264381409 0.03165483474731445 0.08525407314300537
0 0.2578924000263214 0.48662108182907104 0.01797698251903057 0.08293166011571884
0 0.3939060568809509 0.5137556791305542 0.022161483764648438 0.07796698808670044
0 0.46248167753219604 0.6411681175231934 0.029071426019072533 0.09713897854089737
0 0.5748741626739502 0.5190706849098206 0.01528142299503088 0.08620452880859375
0 0.7689895629882812 0.4249342083930969 0.01790790632367134 0.06972265988588333
0 0.6892679333686829 0.6160389184951782 0.02556610107421875 0.09485931694507599
0 0.6750572919845581 0.44443392753601074 0.03386726230382919 0.13699883222579956
0 0.041619278490543365 0.4934821128845215 0.01835448667407036 0.07874755561351776
0 0.6823434233665466 0.47890505194664 0.018003273755311966 0.07101386785507202
0 0.6511126756668091 0.4319971799850464 0.017677942290902138 0.0639461949467659
0 0.46905240416526794 0.4247341454029083 0.020132828503847122 0.05528683215379715
0 0.3138325810432434 0.40620023012161255 0.021828841418027878 0.06860165297985077
0 0.012887442484498024 0.636012077331543 0.025774884968996048 0.08715531975030899
