0 0.7176421880722046 0.547747790813446 0.02079944685101509 0.09803879261016846
0 0.6893233060836792 0.6092801690101624 0.02364521101117134 0.10807817429304123
0 0.8042865991592407 0.8760174512863159 0.03301239013671875 0.13396437466144562
0 0.38164085149765015 0.7432530522346497 0.03490327298641205 0.1060299351811409
0 0.8705552816390991 0.523967981338501 0.02648010291159153 0.09205559641122818
0 0.8339216113090515 0.43826937675476074 0.015026474371552467 0.0762486457824707
0 0.4443430006504059 0.6846426725387573 0.03332919999957085 0.09883745014667511
0 0.9904949069023132 0.5272505879402161 0.018427658826112747 0.08909996598958969
0 0.4848939776420593 0.3562893569469452 0.016543960198760033 0.05833807960152626
0 0.8405126333236694 0.4367048442363739 0.028767013922333717 0.07738339155912399
0 0.9944508671760559 0.37150830030441284 0.010251427069306374 0.07505492866039276
0 0.4858928918838501 0.35146909952163696 0.020505523309111595 0.06821475923061371
