0 0.7211915254592896 0.5645779371261597 0.020494969561696053 0.09771271049976349
0 0.07486583292484283 0.8129587769508362 0.027882015332579613 0.13590596616268158
0 0.6829914450645447 0.5517807006835938 0.020459365099668503 0.09388326108455658
0 0.5039162635803223 0.417244553565979 0.02119426801800728 0.07298244535923004
0 0.35003408789634705 0.622085452079773 0.020861148834228516 0.10104963183403015
0 0.5834018588066101 0.6777578592300415 0.023179562762379646 0.10551130771636963
0 0.09031771123409271 0.51777583360672 0.02187340334057808 0.09363485127687454
0 0.8082084655761719 0.590153694152832 0.023770904168486595 0.09666527807712555
0 0.4280017018318176 0.3983772099018097 0.017049789428710938 0.06616660207509995
0 0.19705502688884735 0.4211110472679138 0.017694585025310516 0.0792725458741188
0 0.4244522154331207 0.5696976184844971 0.04181690141558647 0.12012311816215515
0 0.3311355710029602 0.4915921688079834 0.02426118776202202 0.07449213415384293
0 0.36346229910850525 0.44055768847465515 0.015514182858169079 0.0594312883913517
0 0.4220525622367859 0.5807148218154907 0.03687896579504013 0.09520354121923447
0 0.09420701861381531 0.4169674813747406 0.02534344233572483 0.08133722841739655
0 0.5944254398345947 0.46746695041656494 0.031790733337402344 0.09104509651660919
0 0.36217179894447327 0.449884295463562 0.016263263300061226 0.06903771311044693
0 0.35166531801223755 0.36762264370918274 0.013103771023452282 0.06187896803021431
0 0.740366518497467 0.5358757376670837 0.01935558393597603 0.06580957770347595
0 0.7381775975227356 0.5285081267356873 0.019208399578928947 0.05306464433670044
0 0.587850034236908 0.46104827523231506 0.022086525335907936 0.0791747197508812
0 0.7400054931640625 0.5419569611549377 0.02745749242603779 0.0789286270737648
