0 0.2970919907093048 0.7744516730308533 0.029367828741669655 0.11518894135951996
0 0.3180627226829529 0.5810186862945557 0.031035710126161575 0.10966469347476959
0 0.7635644674301147 0.4401114583015442 0.020631026476621628 0.08774413913488388
0 0.7485108971595764 0.5281320810317993 0.03512439876794815 0.07782027870416641
0 0.9713109731674194 0.3968234658241272 0.019892120733857155 0.07319115847349167
0 0.6785011291503906 0.3338073194026947 0.01934204064309597 0.06385201215744019
0 0.7083299160003662 0.45908504724502563 0.020914332941174507 0.06950417906045914
0 0.7712675929069519 0.3383435308933258 0.02127227745950222 0.05554015561938286
0 0.4899778366088867 0.3746776878833771 0.023283576592803 0.07535231113433838
0 0.7686363458633423 0.33432736992836 0.016664694994688034 0.053396183997392654
