0 0.27406343817710876 0.7588194012641907 0.024475574493408203 0.13188646733760834
0 0.5271909832954407 0.5442652702331543 0.02659870870411396 0.14032316207885742
0 0.3128199279308319 0.5797293186187744 0.021399974822998047 0.10318179428577423
0 0.23521967232227325 0.6242035031318665 0.023087168112397194 0.11290351301431656
0 0.08330642431974411 0.7261139750480652 0.020831037312746048 0.12505526840686798
0 0.1542733758687973 0.5346946120262146 0.015524434857070446 0.1061943918466568
0 0.630054235458374 0.49763646721839905 0.018352698534727097 0.09453590959310532
0 0.498053640127182 0.4706365764141083 0.019804000854492188 0.09439273178577423
0 0.30413904786109924 0.47169193625450134 0.019254112616181374 0.10000506043434143
0 0.36580854654312134 0.5589200258255005 0.024437617510557175 0.09766269475221634
0 0.1278625726699829 0.427842378616333 0.020798634737730026 0.09398715943098068
0 0.27263912558555603 0.48567482829093933 0.021153053268790245 0.08870340883731842
0 0.008308322168886662 0.5343047976493835 0.01651100069284439 0.10196923464536667
0 0.36841636896133423 0.5492668747901917 0.022227542474865913 0.12004546821117401
0 0.3710176646709442 0.49287477135658264 0.015535354614257812 0.08456545323133469
