0 0.9414955377578735 0.6467036008834839 0.04069557040929794 0.10429958999156952
0 0.562438428401947 0.5027462244033813 0.03766613081097603 0.08345520496368408
0 0.6200820207595825 0.5969769358634949 0.025115711614489555 0.09788530319929123
0 0.6502336859703064 0.7779484987258911 0.030309677124023438 0.11260206252336502
0 0.2510308623313904 0.8265969157218933 0.050273992121219635 0.10399813950061798
0 0.7487817406654358 0.4720950126647949 0.024291038513183594 0.08560384064912796
0 0.6350640654563904 0.46965017914772034 0.03507823869585991 0.07804107666015625
0 0.6022230982780457 0.3689369261264801 0.030406316742300987 0.06866437941789627
0 0.11076957732439041 0.31139877438545227 0.018986010923981667 0.0543738454580307
0 0.8613185882568359 0.49206435680389404 0.03290862962603569 0.06988547742366791
0 0.3433423340320587 0.6856390833854675 0.02635669708251953 0.09478318691253662
0 0.2435085028409958 0.8275846838951111 0.03577933460474014 0.10527072846889496
0 0.9679264426231384 0.3568987250328064 0.02685699425637722 0.06534025073051453
0 0.1139882281422615 0.3125869333744049 0.02658703364431858 0.05728559195995331
0 0.3418623208999634 0.6764518618583679 0.024981243535876274 0.07224968820810318
0 0.6292155385017395 0.4675409197807312 0.022052256390452385 0.07422366738319397
0 0.24590598046779633 0.8176875114440918 0.03824109956622124 0.08114726096391678
0 0.7126213312149048 0.2764655649662018 0.02589893341064453 0.058886632323265076
