0 0.1926691085100174 0.9497513175010681 0.039725493639707565 0.10049726814031601
0 0.18247148394584656 0.7447846531867981 0.027945805341005325 0.13924849033355713
0 0.29631900787353516 0.5908203125 0.02465047873556614 0.12602098286151886
0 0.07621638476848602 0.5390292406082153 0.020420491695404053 0.11581053584814072
0 0.2598706781864166 0.4538419246673584 0.018999338150024414 0.10323257744312286
0 0.5093947649002075 0.5894948244094849 0.021843338385224342 0.1359235942363739
0 0.4575282037258148 0.5953783988952637 0.022681808099150658 0.08109317719936371
0 0.6761541962623596 0.6543044447898865 0.028868675231933594 0.12530533969402313
0 0.5742025971412659 0.7402830123901367 0.028206825256347656 0.13846740126609802
0 0.5818586349487305 0.5616033673286438 0.021594619378447533 0.12407401949167252
0 0.3069522976875305 0.4476241171360016 0.02203979529440403 0.06823815405368805
0 0.6142901182174683 0.5556379556655884 0.024478912353515625 0.13181033730506897
