0 0.8804877996444702 0.47805583477020264 0.0176544189453125 0.0797412171959877
0 0.9680374264717102 0.4402933120727539 0.03254833072423935 0.08606962859630585
0 0.5730152130126953 0.6741091012954712 0.02734375 0.09972059726715088
0 0.7248141169548035 0.6621889472007751 0.028440093621611595 0.08974236249923706
0 0.844747006893158 0.46128544211387634 0.022472381591796875 0.08500871807336807
0 0.5872606039047241 0.5300900936126709 0.021822739392518997 0.08221435546875
0 0.5847331881523132 0.52808678150177 0.015357589349150658 0.07560950517654419
0 0.5211533308029175 0.45017626881599426 0.03407420963048935 0.0741509348154068
0 0.7211837768554688 0.6601394414901733 0.020072365179657936 0.08993801474571228
0 0.5185448527336121 0.4413316547870636 0.030454063788056374 0.05804748460650444
0 0.8448465466499329 0.45578211545944214 0.0161895751953125 0.07818866521120071
