0 0.608906626701355 0.523090660572052 0.018998336046934128 0.08803575485944748
0 0.6507462859153748 0.5464398264884949 0.023998450487852097 0.11844397336244583
0 0.37993767857551575 0.5663522481918335 0.026551151648163795 0.11305287480354309
0 0.5201751589775085 0.6752974390983582 0.022981833666563034 0.10526563972234726
0 0.016649940982460976 0.5265643000602722 0.024437744170427322 0.09523773193359375
0 0.1292876899242401 0.42865726351737976 0.023938743397593498 0.08135358989238739
0 0.3623083233833313 0.40293267369270325 0.020137565210461617 0.07029639184474945
0 0.2985106110572815 0.6244590282440186 0.019175052642822266 0.09689014405012131
0 0.4656517803668976 0.4182473123073578 0.02280435524880886 0.07367333024740219
0 0.7451085448265076 0.5779831409454346 0.018987974151968956 0.09635280817747116
0 0.16015484929084778 0.32723501324653625 0.0183121208101511 0.06722056120634079
0 0.2934160530567169 0.37031716108322144 0.01803506165742874 0.06301506608724594
0 0.5380258560180664 0.4636920392513275 0.03477627411484718 0.09979838877916336
0 0.012073585763573647 0.8244704008102417 0.022289084270596504 0.1311323344707489
0 0.8700063824653625 0.46226221323013306 0.022382736206054688 0.06863182783126831
0 0.28384101390838623 0.5029152035713196 0.03342084959149361 0.07346824556589127
0 0.5448322296142578 0.47045424580574036 0.0280303955078125 0.08428477495908737
0 0.023947080597281456 0.4171043336391449 0.01573926769196987 0.07457919418811798
0 0.5306791663169861 0.459578275680542 0.020359326153993607 0.09424655884504318
0 0.5421277284622192 0.47655102610588074 0.03793506696820259 0.08196069300174713
