0 0.10088469088077545 0.8152018189430237 0.04553558677434921 0.13516676425933838
0 0.6230344772338867 0.6829057335853577 0.027173614129424095 0.11076931655406952
0 0.8530605435371399 0.6081350445747375 0.021974945440888405 0.1057807058095932
0 0.743771493434906 0.574196457862854 0.02197284623980522 0.09403477609157562
0 0.12540921568870544 0.5104125738143921 0.03191203996539116 0.08858724683523178
0 0.7749518156051636 0.5730487704277039 0.01700763776898384 0.09279219806194305
0 0.3739975690841675 0.6240445971488953 0.020628642290830612 0.09826982021331787
0 0.6380999088287354 0.47330009937286377 0.02353801764547825 0.10005476325750351
0 0.39839792251586914 0.4476567506790161 0.021747207269072533 0.07507558912038803
0 0.4401916563510895 0.5857955813407898 0.02141265943646431 0.09867417812347412
0 0.47124722599983215 0.393150269985199 0.015770625323057175 0.07199393212795258
0 0.5216013789176941 0.413480281829834 0.03147459030151367 0.06944944709539413
0 0.12977169454097748 0.40999993681907654 0.018763471394777298 0.08107859641313553
0 0.358851820230484 0.49033814668655396 0.026460615918040276 0.07556234300136566
0 0.23340527713298798 0.4179283082485199 0.016826678067445755 0.07744937390089035
0 0.7958096265792847 0.5516269207000732 0.023424530401825905 0.08881259709596634
0 0.38131052255630493 0.3636159300804138 0.015995565801858902 0.06995900720357895
0 0.45715001225471497 0.551574170589447 0.018986891955137253 0.08445519208908081
0 0.7927915453910828 0.5496004223823547 0.01970672607421875 0.07499904185533524
0 0.526070773601532 0.4107080101966858 0.020698929205536842 0.07267244160175323
0 0.2675412595272064 0.32631027698516846 0.01329248771071434 0.054008398205041885
0 0.985127866268158 0.45755258202552795 0.0289167407900095 0.09467940032482147
