0 0.7324334383010864 0.5380842685699463 0.0338018424808979 0.1048177108168602
0 0.9837323427200317 0.7334026098251343 0.030756568536162376 0.129078671336174
0 0.9527252316474915 0.39492279291152954 0.024530600756406784 0.09247623383998871
0 0.7388203144073486 0.25129640102386475 0.026732126250863075 0.0749562606215477
0 0.8749256730079651 0.5157282948493958 0.022729873657226562 0.09925113618373871
0 0.6926869750022888 0.5210362672805786 0.01929607428610325 0.10665486752986908
0 0.9124425053596497 0.4772363305091858 0.02631664276123047 0.10626014322042465
0 0.3879924416542053 0.4778272807598114 0.026639239862561226 0.10627119243144989
0 0.24375395476818085 0.5693743824958801 0.0316287986934185 0.09951505064964294
0 0.6888214349746704 0.4124821424484253 0.025942420586943626 0.0849188044667244
0 0.8896646499633789 0.33260011672973633 0.024880219250917435 0.07958461344242096
0 0.3971483111381531 0.6496710777282715 0.0461999885737896 0.12010125070810318
0 0.4852234423160553 0.3362192213535309 0.020460987463593483 0.08099322766065598
0 0.09109824150800705 0.3857822120189667 0.021581197157502174 0.09478115290403366
0 0.6053060293197632 0.428289532661438 0.020594406872987747 0.08660668134689331
0 0.6567976474761963 0.2190985232591629 0.01618754118680954 0.06822948902845383
0 0.49727123975753784 0.6451181769371033 0.054996490478515625 0.0981503501534462
0 0.9107393026351929 0.47570568323135376 0.01874237135052681 0.10485000908374786
0 0.949609637260437 0.39097362756729126 0.01831836625933647 0.08807890117168427
0 0.48393261432647705 0.6452866792678833 0.028224563226103783 0.09628081321716309
