0 0.8001025915145874 0.5927004814147949 0.025233840569853783 0.11464583873748779
0 0.21500325202941895 0.5017494559288025 0.02611522749066353 0.10289450734853745
0 0.3942604660987854 0.567848265171051 0.02145659178495407 0.10527360439300537
0 0.9383795261383057 0.5447832345962524 0.02629680559039116 0.09079939872026443
0 0.2585061192512512 0.49915167689323425 0.027331527322530746 0.09062768518924713
0 0.10018987953662872 0.3875877261161804 0.020010996609926224 0.08919304609298706
0 0.5209027528762817 0.4248013496398926 0.017268752679228783 0.08524907380342484
0 0.5648306608200073 0.6379860043525696 0.024627113714814186 0.10232289880514145
0 0.668478786945343 0.5144776701927185 0.019378662109375 0.10520341992378235
0 0.7361358404159546 0.46729740500450134 0.02497692033648491 0.09627490490674973
0 0.6342752575874329 0.4152960777282715 0.0179443359375 0.08902079612016678
0 0.7168623805046082 0.45095133781433105 0.01731586456298828 0.0962362214922905
0 0.39711228013038635 0.3826325237751007 0.024854183197021484 0.07741546630859375
0 0.3340412676334381 0.40359243750572205 0.021966902539134026 0.08520405739545822
0 0.5702201724052429 0.49155735969543457 0.015818340703845024 0.09813839942216873
0 0.4281825125217438 0.5092174410820007 0.024747466668486595 0.08840984851121902
0 0.49319887161254883 0.34103280305862427 0.020818520337343216 0.07606396079063416
0 0.4310680329799652 0.2655860185623169 0.013753700070083141 0.0370551198720932
