0 0.7814670205116272 0.5309203267097473 0.04187456890940666 0.09009405225515366
0 0.4257080852985382 0.7069528102874756 0.029569149017333984 0.11288655549287796
0 0.8474674224853516 0.4980728030204773 0.022220229730010033 0.08483784645795822
0 0.8147372007369995 0.3352641761302948 0.028600692749023438 0.06510535627603531
0 0.4296235144138336 0.5852671265602112 0.02871723100543022 0.09993009269237518
0 0.6300790309906006 0.3884131610393524 0.022779209539294243 0.08009965717792511
0 0.8729957938194275 0.44914019107818604 0.022991180419921875 0.08814502507448196
0 0.9102619290351868 0.3506166338920593 0.02207050286233425 0.07378288358449936
0 0.8784998059272766 0.4456680715084076 0.032221220433712006 0.07824068516492844
0 0.9104816317558289 0.3472300171852112 0.018217658624053 0.05842810869216919
0 0.7755943536758423 0.5313853025436401 0.028027724474668503 0.09099189192056656
0 0.7824031710624695 0.5530121922492981 0.03901958465576172 0.04225175827741623
