0 0.5044132471084595 0.5911029577255249 0.023943519219756126 0.14889661967754364
0 0.8356920480728149 0.37829703092575073 0.027777861803770065 0.1145714670419693
0 0.6942956447601318 0.7420990467071533 0.030249977484345436 0.16267293691635132
0 0.28915995359420776 0.8459320664405823 0.023764897137880325 0.16421271860599518
0 0.5894912481307983 0.5366591811180115 0.028537750244140625 0.14467626810073853
0 0.7277110815048218 0.46352124214172363 0.026877975091338158 0.11682721972465515
0 0.8888080716133118 0.6177046298980713 0.04097595065832138 0.1453145295381546
0 0.6472844481468201 0.7387391328811646 0.034894052892923355 0.14744924008846283
0 0.8379833102226257 0.822833776473999 0.035045623779296875 0.17285528779029846
0 0.5988432168960571 0.6388940215110779 0.03600769117474556 0.14616157114505768
0 0.7194003462791443 0.38293442130088806 0.025158818811178207 0.11534949392080307
0 0.7297185063362122 0.6815015077590942 0.025906817987561226 0.15082193911075592
0 0.9904969930648804 0.6571318507194519 0.018357086926698685 0.11717580258846283
0 0.5118471384048462 0.3829628825187683 0.01907787285745144 0.10339219868183136
