0 0.4292179048061371 0.6271592974662781 0.03235683590173721 0.09506649523973465
0 0.6062671542167664 0.5471110343933105 0.026514243334531784 0.10579992085695267
0 0.2793773114681244 0.6130946278572083 0.027331717312335968 0.10880856215953827
0 0.8251970410346985 0.36495861411094666 0.02949981763958931 0.07049848884344101
0 0.9317919015884399 0.6647289991378784 0.03618736192584038 0.12023315578699112
0 0.5923540592193604 0.41605231165885925 0.02746664732694626 0.09564302116632462
0 0.5332736372947693 0.5310154557228088 0.02761818654835224 0.10381384938955307
0 0.10461845993995667 0.9744631052017212 0.02363615110516548 0.051073767244815826
0 0.6600841283798218 0.3884783387184143 0.026852862909436226 0.06741519272327423
0 0.38038527965545654 0.4144074320793152 0.028002357110381126 0.05608401820063591
0 0.6954971551895142 0.4047876298427582 0.03514824062585831 0.0798455998301506
0 0.5355550050735474 0.5195493102073669 0.022119522094726562 0.07975791394710541
0 0.6464069485664368 0.5535085797309875 0.020836640149354935 0.06443583220243454
0 0.6659718155860901 0.5334717631340027 0.018348312005400658 0.08573608100414276
0 0.6572492122650146 0.5438538789749146 0.03868528828024864 0.10363244265317917
