0 0.33605530858039856 0.5576169490814209 0.03228912502527237 0.10308109223842621
0 0.3986935317516327 0.70205157995224 0.022076543420553207 0.11431799829006195
0 0.24979844689369202 0.5112200975418091 0.019499683752655983 0.0846206396818161
0 0.1898004710674286 0.6674255132675171 0.022731876000761986 0.10715433955192566
0 0.6283940672874451 0.5496350526809692 0.024098459631204605 0.09244367480278015
0 0.21141523122787476 0.4039291441440582 0.015778208151459694 0.08003421127796173
0 0.266207218170166 0.45891815423965454 0.015581782907247543 0.07358627021312714
0 0.5041443705558777 0.5257785320281982 0.024464035406708717 0.07782406359910965
0 0.12529733777046204 0.4912402629852295 0.015322685241699219 0.09047919511795044
0 0.5538008809089661 0.491763710975647 0.021161269396543503 0.06615427881479263
0 0.7233372926712036 0.47134217619895935 0.025912540033459663 0.07487247884273529
