0 0.4479440748691559 0.6788496375083923 0.020665740594267845 0.10629577934741974
0 0.2496509850025177 0.5075162053108215 0.02383561059832573 0.093663789331913
0 0.045707929879426956 0.4445045590400696 0.016327548772096634 0.08455793559551239
0 0.23639488220214844 0.6367301940917969 0.020491981878876686 0.09560704976320267
0 0.5800759196281433 0.5456025004386902 0.017886733636260033 0.09199382364749908
0 0.6719150543212891 0.5656350255012512 0.017296791076660156 0.09443189948797226
0 0.29077133536338806 0.4219145178794861 0.018410110846161842 0.07523320615291595
0 0.3292436897754669 0.5646986365318298 0.02665081061422825 0.1047607958316803
0 0.525479257106781 0.49306079745292664 0.01659476011991501 0.07575175166130066
0 0.5622269511222839 0.4937949776649475 0.019632721319794655 0.07615557312965393
0 0.49313411116600037 0.4685550928115845 0.019964981824159622 0.08941489458084106
0 0.21970948576927185 0.4694922864437103 0.014155959710478783 0.0837613120675087
0 0.7722633481025696 0.4676365256309509 0.025765037164092064 0.06648711860179901
0 0.4501032829284668 0.4401162266731262 0.023606490343809128 0.07493879646062851
0 0.2331961691379547 0.38465991616249084 0.015555953606963158 0.07225104421377182
0 0.24949684739112854 0.5026741623878479 0.018338585272431374 0.0828980877995491
