0 0.31932035088539124 0.8116703033447266 0.03574412688612938 0.12460055947303772
0 0.7502214908599854 0.4839661717414856 0.028989410027861595 0.09716101735830307
0 0.6718949675559998 0.5793939828872681 0.028996404260396957 0.1040121540427208
0 0.15109409391880035 0.5844519734382629 0.05195145681500435 0.09394005686044693
0 0.6103650331497192 0.46402260661125183 0.022238731384277344 0.07018514722585678
0 0.8814808130264282 0.6230075359344482 0.03363838046789169 0.10475108027458191
0 0.7170203924179077 0.8002476692199707 0.03532428666949272 0.11726091057062149
0 0.1459776908159256 0.7898346185684204 0.045823000371456146 0.1078474223613739
0 0.8698667287826538 0.48710277676582336 0.021950149908661842 0.08779601752758026
0 0.3916325271129608 0.49697384238243103 0.02977743186056614 0.09308791160583496
0 0.5057814717292786 0.49453654885292053 0.029823875054717064 0.07889876514673233
0 0.6240614652633667 0.39184918999671936 0.02639179304242134 0.08136003464460373
0 0.8132623434066772 0.41817253828048706 0.026322174817323685 0.07687751203775406
0 0.12343956530094147 0.668876588344574 0.060223761945962906 0.08835262805223465
0 0.1311534196138382 0.7339016199111938 0.07673158496618271 0.21831868588924408
