0 0.8655634522438049 0.8345984816551208 0.051035501062870026 0.1715855896472931
0 0.30621597170829773 0.865826427936554 0.046331118792295456 0.16557125747203827
0 0.7464081048965454 0.6924628615379333 0.037604521960020065 0.16516317427158356
0 0.8978796005249023 0.6102842092514038 0.044144440442323685 0.14326561987400055
0 0.5015233159065247 0.5960825085639954 0.020190810784697533 0.15485545992851257
0 0.8451305627822876 0.37000635266304016 0.02439117431640625 0.11776741594076157
0 0.6172908544540405 0.6464602947235107 0.022508811205625534 0.14449581503868103
0 0.6975249648094177 0.7515231370925903 0.03147595748305321 0.1699879914522171
0 0.6063739657402039 0.5264636278152466 0.024611283093690872 0.13823768496513367
0 0.7393132448196411 0.45389318466186523 0.02883281745016575 0.13568861782550812
0 0.5236810445785522 0.36813271045684814 0.022823715582489967 0.11081771552562714
0 0.7350229620933533 0.37369561195373535 0.028385670855641365 0.1179094985127449
0 0.6871476769447327 0.7368959784507751 0.01738605462014675 0.13630083203315735
