0 0.3718159794807434 0.6103853583335876 0.03744926303625107 0.08161044865846634
0 0.6556370854377747 0.458501398563385 0.024448584765195847 0.09498796612024307
0 0.25858059525489807 0.2717493176460266 0.019086726009845734 0.07581976801156998
0 0.3200307786464691 0.5653164982795715 0.022897910326719284 0.10105421394109726
0 0.5292201638221741 0.3466728627681732 0.016019439324736595 0.07188491523265839
0 0.740330696105957 0.6223626136779785 0.025298308581113815 0.11136644333600998
0 0.3666544556617737 0.28569653630256653 0.016811052337288857 0.07560569047927856
0 0.42599162459373474 0.5777072310447693 0.02219676971435547 0.10262145847082138
0 0.5499020218849182 0.35304975509643555 0.021096039563417435 0.08842739462852478
0 0.6763454675674438 0.4127941429615021 0.023442458361387253 0.0897199809551239
0 0.7961899042129517 0.4909707009792328 0.018878109753131866 0.09749193489551544
0 0.35455307364463806 0.43128737807273865 0.021143341436982155 0.09067603200674057
0 0.2331196367740631 0.4015527367591858 0.019680118188261986 0.08554619550704956
0 0.39448532462120056 0.5646047592163086 0.01717395707964897 0.08987811207771301
0 0.052267611026763916 0.38595694303512573 0.025238681584596634 0.1418081521987915
0 0.05190669372677803 0.41755685210227966 0.025608301162719727 0.08281639963388443
0 0.8697572946548462 0.32428765296936035 0.019398117437958717 0.08692748099565506
0 0.44141682982444763 0.5215758085250854 0.025188446044921875 0.09659327566623688
0 0.39706555008888245 0.5701454281806946 0.023833369836211205 0.10039011389017105
0 0.43990612030029297 0.5022251009941101 0.022510815411806107 0.06058516353368759
