0 0.5509899258613586 0.6335613131523132 0.036565400660037994 0.09620310366153717
0 0.6042374968528748 0.4995519518852234 0.023472849279642105 0.09112226963043213
0 0.6950886845588684 0.6003365516662598 0.019190024584531784 0.1043226420879364
0 0.7998320460319519 0.4062374532222748 0.024488067254424095 0.07884944975376129
0 0.5167768001556396 0.6023414731025696 0.024756431579589844 0.09044618904590607
0 0.8970648050308228 0.38527819514274597 0.01935424841940403 0.07055536657571793
0 0.29610303044319153 0.37491437792778015 0.0172392837703228 0.04967498779296875
0 0.974070131778717 0.36872050166130066 0.02367382124066353 0.06956770271062851
0 0.8210285305976868 0.5022295713424683 0.017070388421416283 0.08734611421823502
0 0.7978522181510925 0.3988458812236786 0.01892566680908203 0.06295496970415115
0 0.5162935256958008 0.5865741968154907 0.025578688830137253 0.12469923496246338
0 0.820573627948761 0.49125054478645325 0.01551666297018528 0.06788047403097153
