0 0.7870607972145081 0.6031647324562073 0.04481245577335358 0.11723531037569046
0 0.20508742332458496 0.49491086602211 0.03562593460083008 0.10345778614282608
0 0.10380112379789352 0.3849836587905884 0.02366483211517334 0.09366743266582489
0 0.25979289412498474 0.4885738790035248 0.033109743148088455 0.09134521335363388
0 0.4548915922641754 0.4992958903312683 0.02547168731689453 0.09485804289579391
0 0.5611840486526489 0.6326470375061035 0.02718372270464897 0.11056789755821228
0 0.4072929620742798 0.5509724020957947 0.01911182329058647 0.10766991227865219
0 0.5280566811561584 0.4241017699241638 0.017372386530041695 0.08741506189107895
0 0.5884450078010559 0.49711254239082336 0.028693262487649918 0.10031752288341522
0 0.636884331703186 0.4152890741825104 0.023740004748106003 0.0890364721417427
0 0.6745527982711792 0.5203337669372559 0.024657821282744408 0.10532853752374649
0 0.9359714984893799 0.5370979309082031 0.02003021165728569 0.08842366188764572
0 0.3154909312725067 0.40304532647132874 0.033117737621068954 0.08993987739086151
0 0.7416477799415588 0.46039271354675293 0.025027720257639885 0.11550326645374298
0 0.35205909609794617 0.3819996416568756 0.02104247361421585 0.08402116596698761
0 0.4833226203918457 0.3338432312011719 0.019457053393125534 0.06887376308441162
