0 0.4147002398967743 0.9351760745048523 0.03935956954956055 0.12964782118797302
0 0.7303851842880249 0.4815732538700104 0.021433640271425247 0.09815696626901627
0 0.25102728605270386 0.5225339531898499 0.019940519705414772 0.10048098862171173
0 0.5644094944000244 0.3886658549308777 0.023519834503531456 0.0867563858628273
0 0.02112383022904396 0.6487328410148621 0.024653887376189232 0.12590298056602478
0 0.5499734878540039 0.5706771016120911 0.034478917717933655 0.07608393579721451
0 0.42426252365112305 0.3218080997467041 0.017677688971161842 0.08326339721679688
0 0.3729037046432495 0.4995240271091461 0.016784001141786575 0.10835333913564682
0 0.8959381580352783 0.6534332036972046 0.021151352673768997 0.12096693366765976
0 0.9027074575424194 0.49723726511001587 0.027923965826630592 0.10710980743169785
0 0.2094423472881317 0.3001965582370758 0.015195464715361595 0.08435626327991486
0 0.3213467001914978 0.6475591659545898 0.01634502410888672 0.11824595183134079
0 0.5055035352706909 0.5675503015518188 0.018650149926543236 0.09247250109910965
0 0.47885942459106445 0.6717616319656372 0.024895668029785156 0.11309514939785004
0 0.879040539264679 0.4125129282474518 0.020897293463349342 0.09437442570924759
0 0.471742182970047 0.6724931597709656 0.037615202367305756 0.11308085173368454
0 0.23569358885288239 0.2321360856294632 0.01719050481915474 0.07220564782619476
0 0.05149294435977936 0.6022249460220337 0.02683943510055542 0.11504075676202774
0 0.15076345205307007 0.3789282441139221 0.018949175253510475 0.09210137277841568
0 0.02772725187242031 0.535450279712677 0.02553325891494751 0.1220313161611557
