0 0.2612529993057251 0.5033721923828125 0.02804907225072384 0.10081292688846588
0 0.3027011752128601 0.5057758092880249 0.030414199456572533 0.09916124492883682
0 0.5771491527557373 0.4932844340801239 0.025768788531422615 0.09371193498373032
0 0.40942248702049255 0.5923123955726624 0.019972991198301315 0.10502742975950241
0 0.9640268087387085 0.5563977360725403 0.022095870226621628 0.09592472016811371
0 0.6877492070198059 0.5244342684745789 0.022154426202178 0.09613913297653198
0 0.13026225566864014 0.3923877775669098 0.021008919924497604 0.08922720700502396
0 0.7254074215888977 0.45037317276000977 0.017862701788544655 0.09183770418167114
0 0.6608293056488037 0.4209815263748169 0.02045879326760769 0.08302866667509079
0 0.4330202639102936 0.5197649002075195 0.028203869238495827 0.08785400539636612
0 0.8367198705673218 0.5947422385215759 0.035420991480350494 0.09192493557929993
0 0.7573003172874451 0.46418794989585876 0.020217131823301315 0.08270243555307388
0 0.5439619421958923 0.42526373267173767 0.017131423577666283 0.08309987187385559
0 0.5851026177406311 0.6486935019493103 0.020371437072753906 0.09854736179113388
0 0.36915677785873413 0.4074781537055969 0.022163867950439453 0.0872344970703125
0 0.4659005105495453 0.3825681209564209 0.0226911548525095 0.07176801562309265
0 0.5323483347892761 0.3458300530910492 0.020242659375071526 0.06170196458697319
