0 0.44034910202026367 0.6769002079963684 0.02125873602926731 0.08366478979587555
0 0.9235426187515259 0.64139324426651 0.02998046949505806 0.09929735958576202
0 0.23286853730678558 0.7122600674629211 0.026938389986753464 0.09699011594057083
0 0.46462908387184143 0.4569660425186157 0.01574554480612278 0.05732554569840431
0 0.7926686406135559 0.40894410014152527 0.019487570971250534 0.07529279589653015
0 0.209943488240242 0.456500768661499 0.036501072347164154 0.07365762442350388
0 0.2491993010044098 0.5609888434410095 0.026064777746796608 0.07437896728515625
0 0.7044103741645813 0.5317431688308716 0.027022551745176315 0.07794460654258728
0 0.20419268310070038 0.45591112971305847 0.02353982999920845 0.07178299874067307
0 0.6712659001350403 0.4932994842529297 0.02606639824807644 0.08284663408994675
0 0.4398576021194458 0.45846590399742126 0.0226000789552927 0.10178033262491226
0 0.7624673247337341 0.40130743384361267 0.016562843695282936 0.05859188362956047
0 0.4628702700138092 0.4621841013431549 0.022110652178525925 0.06852778792381287
0 0.43903547525405884 0.47680404782295227 0.021977711468935013 0.06828084588050842
0 0.6945369839668274 0.35507649183273315 0.019263649359345436 0.056595273315906525
0 0.24561938643455505 0.5589969158172607 0.0189361572265625 0.07190721482038498
0 0.4657301902770996 0.4589226543903351 0.01948089525103569 0.0705702006816864
0 0.9934951663017273 0.48564645648002625 0.01205291785299778 0.0893828496336937
