0 0.6290398240089417 0.601336658000946 0.03608309477567673 0.10124483704566956
0 0.04395907744765282 0.8851277828216553 0.03235725313425064 0.13583578169345856
0 0.44430840015411377 0.6246257424354553 0.04276704788208008 0.09208865463733673
0 0.57435542345047 0.5241939425468445 0.026441002264618874 0.08857783675193787
0 0.7746994495391846 0.5058990716934204 0.0277557373046875 0.08421169966459274
0 0.5226666927337646 0.5874946117401123 0.024199072271585464 0.07835930585861206
0 0.7523606419563293 0.40734583139419556 0.019545936957001686 0.07741393893957138
0 0.851462185382843 0.3910475969314575 0.017314910888671875 0.06701032817363739
0 0.9296621084213257 0.3804773986339569 0.021875381469726562 0.07139045000076294
0 0.5006516575813293 0.5520459413528442 0.023999786004424095 0.08260515332221985
0 0.9349002838134766 0.3820453882217407 0.03276786953210831 0.07371766865253448
0 0.7568101286888123 0.4098772704601288 0.02866497077047825 0.08204685151576996
0 0.3512588441371918 0.39232760667800903 0.023192500695586205 0.047530196607112885
