0 0.33958131074905396 0.6401699781417847 0.02930145338177681 0.1204502210021019
0 0.8737667202949524 0.6501407623291016 0.03816642612218857 0.12762586772441864
0 0.8867723345756531 0.39914068579673767 0.03937072679400444 0.09087914228439331
0 0.595363199710846 0.5239450931549072 0.02587025985121727 0.11157070845365524
0 0.7853134274482727 0.6750754117965698 0.02879352495074272 0.13055504858493805
0 0.713674008846283 0.37207430601119995 0.027091216295957565 0.07174394279718399
0 0.18784256279468536 0.6458925604820251 0.029978513717651367 0.12561069428920746
0 0.673911452293396 0.541466236114502 0.029487228021025658 0.10147365927696228
0 0.5135258436203003 0.5108790397644043 0.02499217912554741 0.11371943354606628
0 0.64125657081604 0.5314881801605225 0.023818397894501686 0.10444912314414978
0 0.5300413370132446 0.40581753849983215 0.02514778822660446 0.07947523146867752
0 0.2984694242477417 0.41192924976348877 0.0248547550290823 0.059783935546875
0 0.580819308757782 0.39501452445983887 0.03436088562011719 0.0987989604473114
0 0.583731472492218 0.3877601623535156 0.02693958207964897 0.08496449887752533
