0 0.40434980392456055 0.6737387180328369 0.029717063531279564 0.09712236374616623
0 0.8320387601852417 0.47297096252441406 0.020396996289491653 0.08183794468641281
0 0.7138509750366211 0.7839263677597046 0.03315772861242294 0.11454230546951294
0 0.6820959448814392 0.3695524334907532 0.0270246509462595 0.06888037919998169
0 0.22293998301029205 0.30362334847450256 0.025198936462402344 0.06369400024414062
0 0.6736828684806824 0.5972856283187866 0.03157208859920502 0.10039441287517548
0 0.28264039754867554 0.7992684841156006 0.02655925787985325 0.10722571611404419
0 0.9586063623428345 0.5046709775924683 0.025931548327207565 0.07391662895679474
0 0.715584397315979 0.4642375409603119 0.024583816528320312 0.07626732438802719
0 0.6276168823242188 0.49999260902404785 0.03381989896297455 0.08642507344484329
0 0.8063403964042664 0.2812844514846802 0.02310466766357422 0.06080729141831398
0 0.6247335076332092 0.4912221133708954 0.026441384106874466 0.06699727475643158
