0 0.7913773059844971 0.4616011381149292 0.020720671862363815 0.10568437725305557
0 0.8629941940307617 0.6626958847045898 0.02443847618997097 0.11562279611825943
0 0.8419100046157837 0.3804137408733368 0.02078399620950222 0.09054718166589737
0 0.5303049087524414 0.2252429574728012 0.021544933319091797 0.07177605479955673
0 0.5716397762298584 0.519661545753479 0.018987083807587624 0.10612781345844269
0 0.1596997231245041 0.5473451018333435 0.028056032955646515 0.09406110644340515
0 0.30748698115348816 0.4498627185821533 0.027519352734088898 0.09906952828168869
0 0.6089271306991577 0.2497747391462326 0.026884842664003372 0.07306814938783646
0 0.4692496061325073 0.5887247920036316 0.023456478491425514 0.09441929310560226
0 0.5410400629043579 0.4056706726551056 0.01986023597419262 0.0868411585688591
0 0.7059575915336609 0.5284798741340637 0.021109770983457565 0.1046413853764534
0 0.40271714329719543 0.6294199228286743 0.030680084601044655 0.12615276873111725
0 0.5717529058456421 0.4045640826225281 0.01897869072854519 0.09206932783126831
0 0.6442689299583435 0.5317067503929138 0.019135983660817146 0.10398712009191513
0 0.3382030427455902 0.333194375038147 0.019933413714170456 0.08403294533491135
0 0.7676159739494324 0.32379311323165894 0.01731567457318306 0.08894636482000351
0 0.9771909117698669 0.46800506114959717 0.024315452203154564 0.10254330188035965
0 0.7518056035041809 0.32318583130836487 0.016390036791563034 0.08883345127105713
0 0.7654297947883606 0.32364341616630554 0.02565898932516575 0.08994564414024353
0 0.9951485395431519 0.6627809405326843 0.008896255865693092 0.07189296931028366
