0 0.9009353518486023 0.8156209588050842 0.02697906456887722 0.12781880795955658
0 0.7378650903701782 0.7585052251815796 0.027495766058564186 0.11812964826822281
0 0.8130043745040894 0.5501049757003784 0.022082138806581497 0.09059877693653107
0 0.9764505624771118 0.7501822710037231 0.027616500854492188 0.11782531440258026
0 0.050631083548069 0.8676459193229675 0.02524435520172119 0.14355537295341492
0 0.1369599848985672 0.5055533647537231 0.021785203367471695 0.09036560356616974
0 0.302058607339859 0.4273437559604645 0.02258148230612278 0.07968597114086151
0 0.5423367023468018 0.5749990344047546 0.018323484808206558 0.0979376882314682
0 0.4471187889575958 0.4763317406177521 0.02586383745074272 0.07893148064613342
0 0.4978450834751129 0.4942614436149597 0.017087554559111595 0.08614010363817215
0 0.7848093509674072 0.518686056137085 0.023317527025938034 0.09208693355321884
0 0.8661888241767883 0.6347406506538391 0.029738236218690872 0.11299043148756027
0 0.4006563127040863 0.6947449445724487 0.024479961022734642 0.1083357036113739
0 0.17189475893974304 0.4272187054157257 0.014530912972986698 0.07579939067363739
0 0.17028050124645233 0.43388286232948303 0.015305424109101295 0.08256223052740097
0 0.5270547866821289 0.40318527817726135 0.019939200952649117 0.07965579628944397
0 0.41363829374313354 0.6770135760307312 0.01839294470846653 0.11228247731924057
0 0.4536117613315582 0.3658064007759094 0.022146224975585938 0.07297787070274353
0 0.4144513010978699 0.662128210067749 0.01671905443072319 0.08057691901922226
0 0.4104979634284973 0.6815165281295776 0.023441314697265625 0.11826714128255844
