0 0.642627477645874 0.5217618942260742 0.023844337090849876 0.10714314877986908
0 0.04057532176375389 0.7531155347824097 0.023318177089095116 0.14075656235218048
0 0.2734898626804352 0.533140242099762 0.02233867719769478 0.1077185720205307
0 0.24560365080833435 0.786575436592102 0.021317386999726295 0.14490272104740143
0 0.29640257358551025 0.4352058470249176 0.020398903638124466 0.09230092167854309
0 0.3591761887073517 0.5144773721694946 0.022963397204875946 0.11105652153491974
0 0.3007356524467468 0.6009355187416077 0.021977806463837624 0.10211356729269028
0 0.2782716155052185 0.44089171290397644 0.018555164337158203 0.09280785173177719
0 0.6818807125091553 0.526567816734314 0.02713336981832981 0.06782752275466919
0 0.10890879482030869 0.5427854657173157 0.025586510077118874 0.10686035454273224
0 0.01392165757715702 0.5513375997543335 0.02784331515431404 0.11477678269147873
0 0.11777649074792862 0.6847593188285828 0.03356323391199112 0.12056664377450943
0 0.09410014003515244 0.4312484860420227 0.025027751922607422 0.10400390625
