0 0.15948082506656647 0.4418136477470398 0.024555157870054245 0.07315315306186676
0 0.9395355582237244 0.6871350407600403 0.039495088160037994 0.09314795583486557
0 0.2765384018421173 0.4376179575920105 0.02169721946120262 0.0646144449710846
0 0.014104492031037807 0.8448072671890259 0.028024567291140556 0.13751356303691864
0 0.36348551511764526 0.4718128442764282 0.026185957714915276 0.07487823814153671
0 0.10480401664972305 0.4213416874408722 0.026235055178403854 0.07682503759860992
0 0.46263521909713745 0.648384153842926 0.024520207196474075 0.09401737153530121
0 0.48516014218330383 0.39899811148643494 0.020484257489442825 0.06140526756644249
0 0.10785818845033646 0.519298255443573 0.022501040250062943 0.08799969404935837
0 0.6858961582183838 0.5509002208709717 0.03059215471148491 0.0842367634177208
