0 0.23361945152282715 0.6328494548797607 0.035605430603027344 0.10039299726486206
0 0.24960632622241974 0.49565768241882324 0.020038699731230736 0.09985671192407608
0 0.40744876861572266 0.923072099685669 0.0394718162715435 0.15185405313968658
0 0.08976785093545914 0.5461186766624451 0.028456617146730423 0.10402899980545044
0 0.6685521006584167 0.4556119441986084 0.022451909258961678 0.09300647675991058
0 0.9278503656387329 0.4441646337509155 0.021216964349150658 0.10682957619428635
0 0.026991182938218117 0.5345298647880554 0.02662895992398262 0.10934074968099594
0 0.4470841586589813 0.6157270669937134 0.0389619842171669 0.09969058632850647
0 0.719314694404602 0.6259602308273315 0.030088234692811966 0.11252893507480621
0 0.34748655557632446 0.4902494549751282 0.02242746390402317 0.102081298828125
0 0.10802056640386581 0.3653413653373718 0.02667989768087864 0.0860157459974289
0 0.7141409516334534 0.339741587638855 0.02523784711956978 0.08203413337469101
0 0.43506425619125366 0.34402528405189514 0.015909384936094284 0.07807091623544693
0 0.16114351153373718 0.2793341279029846 0.01771516725420952 0.077458955347538
0 0.5181403160095215 0.5552241802215576 0.020331572741270065 0.06973452866077423
0 0.8756192922592163 0.5965918898582458 0.022433090955018997 0.11244608461856842
0 0.5304012298583984 0.5595345497131348 0.040672462433576584 0.06640353798866272
0 0.5242211818695068 0.556502640247345 0.03247223049402237 0.07238627970218658
0 0.4061456024646759 0.258063942193985 0.01602344587445259 0.07469058781862259
0 0.186726912856102 0.19767215847969055 0.018350744619965553 0.07301021367311478
0 0.7137085199356079 0.3394269645214081 0.018296876922249794 0.0789017602801323
0 0.5360147953033447 0.57229083776474 0.023561445996165276 0.04110327735543251
