0 0.25525057315826416 0.8346040844917297 0.041045889258384705 0.1265128254890442
0 0.6527150869369507 0.4943886697292328 0.027526091784238815 0.09097982197999954
0 0.4338044226169586 0.3997862637042999 0.029018592089414597 0.0791623443365097
0 0.7173281311988831 0.5601686239242554 0.025728415697813034 0.08141987770795822
0 0.2758520245552063 0.6143999099731445 0.02465209923684597 0.10524105280637741
0 0.9192973971366882 0.42557328939437866 0.02492218092083931 0.07264887541532516
0 0.7739457488059998 0.27287521958351135 0.021069908514618874 0.05874989926815033
0 0.626232922077179 0.36354437470436096 0.02285531349480152 0.05848812684416771
0 0.6973913311958313 0.30149587988853455 0.019623184576630592 0.052295345813035965
0 0.7062177062034607 0.3706497251987457 0.01869792863726616 0.06035173311829567
0 0.8916807174682617 0.29625487327575684 0.024055862799286842 0.061983488500118256
0 0.7136175036430359 0.4599062502384186 0.02250518836081028 0.07766333967447281
