0 0.19475913047790527 0.7366872429847717 0.04203004762530327 0.11303168535232544
0 0.5279318690299988 0.5350611805915833 0.038861654698848724 0.10995500534772873
0 0.7165874242782593 0.6842715740203857 0.02751636505126953 0.13570256531238556
0 0.5585855841636658 0.45265066623687744 0.03575235977768898 0.10420794785022736
0 0.315072238445282 0.6753533482551575 0.03691835328936577 0.1195153146982193
0 0.7202863097190857 0.3769395053386688 0.022742271423339844 0.09433034062385559
0 0.6487088799476624 0.5401448607444763 0.02776406519114971 0.09207464009523392
0 0.6811259984970093 0.42135170102119446 0.03399372100830078 0.10129767656326294
0 0.6424434781074524 0.4016720950603485 0.01936016045510769 0.09118414670228958
0 0.6180592775344849 0.4996539056301117 0.02586841583251953 0.09490966796875
0 0.21870018541812897 0.4255650043487549 0.03232002258300781 0.07105373591184616
0 0.683954119682312 0.5787267684936523 0.029506873339414597 0.13009631633758545
0 0.6170076727867126 0.4253561198711395 0.023799261078238487 0.07128193974494934
0 0.9466409683227539 0.20548507571220398 0.024361420422792435 0.09789694100618362
0 0.9465309381484985 0.22417762875556946 0.0218658447265625 0.06030353903770447
