0 0.6767378449440002 0.4810605049133301 0.02126007154583931 0.09780711680650711
0 0.07962201535701752 0.8242446184158325 0.024263834580779076 0.132704496383667
0 0.4186234176158905 0.5998178124427795 0.022344302386045456 0.10950266569852829
0 0.8822778463363647 0.6448002457618713 0.022284697741270065 0.11344695091247559
0 0.36104318499565125 0.6415852904319763 0.02335713617503643 0.1039869487285614
0 0.6426465511322021 0.6984232664108276 0.023583730682730675 0.11662343144416809
0 0.13192804157733917 0.40896496176719666 0.019247857853770256 0.08414866030216217
0 0.3701309859752655 0.4725732207298279 0.020289452746510506 0.07560992985963821
0 0.4547128677368164 0.5497509837150574 0.019253158941864967 0.09155154973268509
0 0.11825466901063919 0.49226075410842896 0.021434927359223366 0.08063402771949768
0 0.2387111932039261 0.4135477840900421 0.01669764518737793 0.08180864155292511
0 0.5153719186782837 0.3959483802318573 0.028653334826231003 0.09325391799211502
0 0.3825508952140808 0.3565632104873657 0.015167808160185814 0.06940536201000214
0 0.4210570752620697 0.45245733857154846 0.017484474927186966 0.08365817368030548
0 0.805334210395813 0.6415866613388062 0.02947368659079075 0.10243762284517288
0 0.8063839673995972 0.577958881855011 0.026570510119199753 0.11153090000152588
0 0.8060859441757202 0.5675474405288696 0.022679710760712624 0.09112142026424408
0 0.5065864324569702 0.3942258954048157 0.014132976531982422 0.09247707575559616
0 0.8053754568099976 0.6064051985740662 0.029056930914521217 0.1671486794948578
0 0.5061036348342896 0.3774455487728119 0.013428306207060814 0.06144561618566513
