0 0.4138520061969757 0.6899001598358154 0.03502702713012695 0.1327078938484192
0 0.5518822073936462 0.521834135055542 0.04145650938153267 0.11285228282213211
0 0.9381732940673828 0.45356661081314087 0.03044452704489231 0.10152019560337067
0 0.915962815284729 0.6961379647254944 0.027685929089784622 0.13255451619625092
0 0.7463410496711731 0.6044150590896606 0.03865375369787216 0.11710374802350998
0 0.4140920639038086 0.5347834825515747 0.03653319552540779 0.10172096639871597
0 0.6070465445518494 0.4858548641204834 0.028103509917855263 0.10082821547985077
0 0.3110731244087219 0.5440515875816345 0.034482669085264206 0.08922559767961502
0 0.8512123227119446 0.38012391328811646 0.028116608038544655 0.08408474177122116
0 0.7422954440116882 0.456689715385437 0.023293621838092804 0.08311886340379715
0 0.7931257486343384 0.41799020767211914 0.016350936144590378 0.09743720293045044
0 0.9366747736930847 0.45264706015586853 0.020697783678770065 0.1002914160490036
0 0.8483196496963501 0.3735889792442322 0.0194244384765625 0.07267846167087555
0 0.7519134283065796 0.5404993295669556 0.018973859027028084 0.11011878401041031
0 0.7520616054534912 0.5636837482452393 0.02226848527789116 0.15858194231987
0 0.45300495624542236 0.4738403260707855 0.03275127336382866 0.06234382465481758
