0 0.662152111530304 0.5744958519935608 0.020252417773008347 0.09699774533510208
0 0.5800061821937561 0.4452320337295532 0.02183125726878643 0.08765052258968353
0 0.536886990070343 0.6277602314949036 0.02301054075360298 0.11265072226524353
0 0.7120087742805481 0.5439833402633667 0.01992473565042019 0.10145263373851776
0 0.6854087710380554 0.4955791234970093 0.0184592567384243 0.07025603950023651
0 0.34114915132522583 0.46163228154182434 0.02309935912489891 0.09916381537914276
0 0.9366143941879272 0.5400307178497314 0.03948020935058594 0.12393544614315033
0 0.9642077088356018 0.47000816464424133 0.021907424554228783 0.0967615470290184
0 0.9317898154258728 0.5339597463607788 0.03253822401165962 0.11031544953584671
0 0.9497600793838501 0.5541285872459412 0.02687225304543972 0.09995879977941513
0 0.9451760649681091 0.5470907688140869 0.03569774702191353 0.11463594436645508
0 0.9905838370323181 0.26461344957351685 0.018114089965820312 0.08123838901519775
