0 0.36400339007377625 0.7104895710945129 0.019917869940400124 0.11658291518688202
0 0.5921207666397095 0.5445712208747864 0.01878795586526394 0.09095335006713867
0 0.3202737271785736 0.5663483738899231 0.01658925972878933 0.09790904074907303
0 0.16029950976371765 0.6772037148475647 0.018583869561553 0.10586564987897873
0 0.548819363117218 0.5126383304595947 0.025358010083436966 0.07406565546989441
0 0.22916576266288757 0.5136390328407288 0.018665600568056107 0.08563941717147827
0 0.24265818297863007 0.4688591957092285 0.01561517734080553 0.07548658549785614
0 0.3395857512950897 0.5560992360115051 0.017050456255674362 0.08762964606285095
0 0.08279339969158173 0.4974522888660431 0.015094471164047718 0.0915072113275528
0 0.43436509370803833 0.4981233477592468 0.024832820519804955 0.09639635682106018
0 0.18448464572429657 0.410370796918869 0.017294280230998993 0.07948692888021469
0 0.4759342074394226 0.49612900614738464 0.02216930314898491 0.13610585033893585
0 0.47779402136802673 0.4617394506931305 0.018448352813720703 0.06819610297679901
