0 0.8530901670455933 0.6305108070373535 0.028345298022031784 0.09376101940870285
0 0.40868428349494934 0.6782708168029785 0.04075050354003906 0.09227549284696579
0 0.16834741830825806 0.7354363203048706 0.0304412841796875 0.1069403737783432
0 0.6008129119873047 0.4895833432674408 0.018282126635313034 0.08555413782596588
0 0.8914011716842651 0.4782842695713043 0.028095435351133347 0.09097747504711151
0 0.637305498123169 0.5204355716705322 0.025455348193645477 0.09331577271223068
0 0.38393986225128174 0.49142539501190186 0.030271021649241447 0.0784233957529068
0 0.7085291743278503 0.39847293496131897 0.01548614539206028 0.06395483762025833
0 0.9410081505775452 0.6161253452301025 0.02625713311135769 0.10121867060661316
0 0.19865280389785767 0.5759263634681702 0.04175300523638725 0.08479427546262741
0 0.3547918200492859 0.46481797099113464 0.022025298327207565 0.06637383997440338
0 0.4010661244392395 0.4586741626262665 0.019861603155732155 0.05225615203380585
0 0.634206235408783 0.5160287618637085 0.020924950018525124 0.08846398442983627
0 0.18940900266170502 0.5762166380882263 0.024813111871480942 0.08432769775390625
0 0.15747424960136414 0.4640502631664276 0.03782491758465767 0.07806334644556046
0 0.6835826635360718 0.39781925082206726 0.014563369564712048 0.05860036239027977
0 0.9934422373771667 0.7624082565307617 0.01217498816549778 0.1036173477768898
0 0.9122343063354492 0.45464545488357544 0.022209549322724342 0.06986050307750702
0 0.6223962306976318 0.35186395049095154 0.015935325995087624 0.05508999153971672
0 0.8492542505264282 0.6209864020347595 0.020432472229003906 0.07834693044424057
0 0.39023807644844055 0.49035966396331787 0.0282610896974802 0.07644446939229965
