0 0.7754090428352356 0.721557080745697 0.02466144599020481 0.13098551332950592
0 0.32692134380340576 0.8179751634597778 0.04993429034948349 0.1277364045381546
0 0.054387133568525314 0.48861151933670044 0.022674739360809326 0.09121913462877274
0 0.5864219665527344 0.5575100183486938 0.054585330188274384 0.08934309333562851
0 0.20939724147319794 0.38886457681655884 0.025958824902772903 0.08579500019550323
0 0.15592236816883087 0.4394323229789734 0.022470951080322266 0.09610889852046967
0 0.27019205689430237 0.5121868252754211 0.02959289588034153 0.12679195404052734
0 0.5392350554466248 0.4431716799736023 0.021181678399443626 0.09968428313732147
0 0.43849003314971924 0.450364351272583 0.0237287525087595 0.084327332675457
0 0.4016610085964203 0.3879982829093933 0.022004127502441406 0.0956437885761261
0 0.49195176362991333 0.38859277963638306 0.019413376227021217 0.08084767311811447
0 0.5788805484771729 0.5571268200874329 0.03858242183923721 0.0883449986577034
0 0.4104982316493988 0.5288474559783936 0.03862113878130913 0.10404594987630844
0 0.4194798171520233 0.5275252461433411 0.022228145971894264 0.09776391088962555
