0 0.5756872296333313 0.7795377969741821 0.033042144030332565 0.11481492966413498
0 0.8418442010879517 0.637087345123291 0.03562278673052788 0.10611261427402496
0 0.5334185361862183 0.48461997509002686 0.03270956501364708 0.0810161754488945
0 0.4755045175552368 0.5078111886978149 0.03792266920208931 0.08572803437709808
0 0.5050357580184937 0.3654446005821228 0.031151484698057175 0.07165002077817917
0 0.6550577878952026 0.47326263785362244 0.028398068621754646 0.08533435314893723
0 0.5537555813789368 0.6030571460723877 0.024568557739257812 0.09252873063087463
0 0.18960699439048767 0.8648852705955505 0.05370330810546875 0.10804850608110428
0 0.7519270777702332 0.48046016693115234 0.027370642870664597 0.06472964584827423
0 0.6032623052597046 0.2745291292667389 0.027613067999482155 0.060538820922374725
0 0.8444353342056274 0.3462936282157898 0.028178025037050247 0.06753929704427719
0 0.18503659963607788 0.849625825881958 0.025639772415161133 0.06854892522096634
