0 0.6858888268470764 0.6343628764152527 0.0338781364262104 0.11732076108455658
0 0.38669243454933167 0.9268675446510315 0.04147666320204735 0.14626482129096985
0 0.1575695425271988 0.6295625567436218 0.025250529870390892 0.12065666913986206
0 0.051538802683353424 0.5456670522689819 0.02717602625489235 0.10886552929878235
0 0.6435309648513794 0.45458075404167175 0.021607335656881332 0.09090912342071533
0 0.4012182354927063 0.6113231778144836 0.021979426965117455 0.09915076196193695
0 0.0793917328119278 0.363233357667923 0.022078609094023705 0.08180338889360428
0 0.21460232138633728 0.49356609582901 0.020843887701630592 0.10158620774745941
0 0.856741726398468 0.599230945110321 0.03493843227624893 0.11385023593902588
0 0.33418068289756775 0.48622968792915344 0.026990508660674095 0.10029652714729309
0 0.7037102580070496 0.342536598443985 0.015488815493881702 0.08566877245903015
0 0.13473676145076752 0.2750455439090729 0.016209173947572708 0.07895906269550323
0 0.9068478345870972 0.4439663589000702 0.019461821764707565 0.10606062412261963
0 0.41787347197532654 0.34429430961608887 0.018661117181181908 0.07549421489238739
0 0.49712449312210083 0.5587835311889648 0.02643108367919922 0.07269168645143509
0 0.15733811259269714 0.1885104775428772 0.01771826669573784 0.0811140239238739
0 0.378767192363739 0.2608175277709961 0.018675263971090317 0.07362712919712067
0 0.5079077482223511 0.5589991807937622 0.047071076929569244 0.07445130497217178
0 0.49356573820114136 0.5571953654289246 0.01778545416891575 0.06823306530714035
