0 0.1707618236541748 0.7100018262863159 0.03920278698205948 0.1264399141073227
0 0.5230379104614258 0.5239131450653076 0.029706954956054688 0.10225007683038712
0 0.31459394097328186 0.6794270873069763 0.038899295032024384 0.12098100781440735
0 0.612403154373169 0.41688841581344604 0.027805455029010773 0.12942403554916382
0 0.6501712799072266 0.524617075920105 0.02490507811307907 0.09519365429878235
0 0.5438929200172424 0.44143423438072205 0.02299671247601509 0.10590071231126785
0 0.6956533193588257 0.40214037895202637 0.043404389172792435 0.12951405346393585
0 0.7312231659889221 0.632193922996521 0.027658652514219284 0.10757044702768326
0 0.6913944482803345 0.5484856367111206 0.025507671758532524 0.1073828786611557
0 0.6277488470077515 0.4968571960926056 0.023331260308623314 0.06473922729492188
0 0.7124668955802917 0.6925582885742188 0.026715341955423355 0.11768188327550888
0 0.23167572915554047 0.4269388020038605 0.027954483404755592 0.05768415704369545
0 0.6974194049835205 0.37828004360198975 0.029567336663603783 0.07541317492723465
0 0.702822744846344 0.38602548837661743 0.026753807440400124 0.09647352248430252
0 0.01083556842058897 0.46063971519470215 0.021481454372406006 0.06101469695568085
0 0.6399186849594116 0.5181276202201843 0.04666709899902344 0.10207059234380722
0 0.7145783305168152 0.6727831959724426 0.026031494140625 0.1300070881843567
