0 0.8397960662841797 0.6098397970199585 0.022231291979551315 0.10412563383579254
0 0.3001362383365631 0.7200573682785034 0.04015188291668892 0.11033901572227478
0 0.23719358444213867 0.5288883447647095 0.023674678057432175 0.08846774697303772
0 0.929591953754425 0.572011411190033 0.022644424811005592 0.09343911707401276
0 0.5481545925140381 0.6629941463470459 0.025470035150647163 0.10022492706775665
0 0.20718123018741608 0.42318063974380493 0.0213028434664011 0.07937664538621902
0 0.7942278385162354 0.43161654472351074 0.01571687124669552 0.07476959377527237
0 0.5791256427764893 0.46408402919769287 0.020910518243908882 0.08437514305114746
0 0.4406536817550659 0.48677030205726624 0.015317249111831188 0.08479326218366623
0 0.6358745694160461 0.49028196930885315 0.02044747583568096 0.08039771020412445
0 0.8161696195602417 0.4685995280742645 0.022084426134824753 0.08087141066789627
0 0.2788175046443939 0.5627931952476501 0.02167501486837864 0.0793805718421936
0 0.33171412348747253 0.4146023094654083 0.024373086169362068 0.062294937670230865
0 0.4877760708332062 0.44678547978401184 0.01707010343670845 0.06169535219669342
0 0.7007827758789062 0.3881807029247284 0.01646696776151657 0.06807251274585724
0 0.289630264043808 0.7198971509933472 0.02193593978881836 0.11384344846010208
0 0.7039028406143188 0.389518141746521 0.023540496826171875 0.0692732036113739
0 0.8124160766601562 0.45811620354652405 0.0203094482421875 0.06389428675174713
0 0.5445093512535095 0.6628084182739258 0.01816914789378643 0.09765760600566864
0 0.7807243466377258 0.25552546977996826 0.012450027279555798 0.03299950435757637
